4674
8357
109
143
5846
8351
185
2356
684
1745
739
5888
100
230
3165
2571
9229
1195
671
2892
1549
2663
297
26
24
100
14
2448
96
214
422
555
2220
7797
1002
72
136
685
15202
194
967
88
312
17
15
2661
24
683
126
74
303
2084
159
323
346
333
8604
1312
567
2816
322
88
834
37
1063
2628
216
3616
575
178
1375
5192
1933
106
58
39
1811
981
57
3922
28450
357
1279
4960
558
38
1495
7199
495
516
82
3420
5546
1051
11933
3488
8367
857
8113
2200
1915
1557
663
11
92
11892
468
48
403
11
353
391
178
1110
2906
4734
519
96
586
64
12684
2010
276
99
53
279
1636
294
87
196
134
65
1519
3873
349
853
1266
794
51
1689
1366
4047
1029
14
72
525
116
516
6507
49
836
169
353
1218
4338
11014
773
3964
550
2170
92
1964
1727
2356
603
1139
230
119
164
263
2730
124
144
13951
97
1154
1441
318
358
1545
1956
1787
3925
118
299
144
1094
270
12862
1021
168
5196
2313
594
32
1442
2529
3273
452
187
6609
134
1864
18
2494
1555
2811
1681
1724
11
190
364
14
923
1495
211
115
9429
459
38
164
35307
2631
660
10
1211
208
18574
2156
811
2184
770
9150
165
838
1600
1585
3658
23
50
1129
437
42
408
398
10274
156
5535
2154
1726
160
213
6686
123
100
131
650
201
643
509
538
501
10
383
2635
20973
473
448
3488
426
83
389
664
281
2339
722
2224
127
103
1478
80
384
66
73
70
176
244
178
554
103
246
52651
1341
4268
1345
1287
640
77
2752
126
1148
78
1324
4730
116
276
321
936
1346
4721
10725
342
402
11574
14073
1337
16
165
33
1524
244
513
1707
16
505
160
75
63913
162
8566
395
531
279
24
117
115
1956
363
4438
93
13343
251
249
1656
8193
728
16
6901
585
3846
215
28
551
91
424
1238
161
43
1223
365
164
131
46
107
382
22
5841
3560
2331
738
230
418
1694
528
731
1169
4711
269
129
515
14129
182
1805
51
691
374
381
5948
3072
4230
10705
94
5265
17669
550
1313
130
153
1382
144
106
79
186
14
249
2214
3819
1537
4928
468
918
388
2318
5257
490
5384
510
4964
52
1593
432
768
663
784
1695
8039
1493
105
142
2994
7516
362
123
1286
124
7153
15823
973
61
111
1208
162
1325
3294
1294
750
25
93
368
168
42244
162
6492
316
180
53
2390
1018
6397
446
832
3677
3348
1776
1057
754
618
4013
3618
518
2575
226
1426
2732
17
519
6531
2394
989
2024
1056
487
147
15441
490
9814
7946
210
2019
130
882
98
1047
6501
62
467
133
213
1825
5661
675
470
629
27751
49736
46825
342
2402
348
1509
431
673
20
55
11
971
580
672
594
8416
699
1233
1128
87
920
18
10617
28662
882
123
475
233
197
1201
750
9459
2462
685
1949
898
4167
553
8567
1516
411
1920
348
675
38716
2998
2008
10
178
410
4438
92
706
1402
79
15
17055
1775
386
11
1209
254
2401
4043
312
6300
150
1006
3295
44
89
25
4000
2958
1442
477
1033
166
11
1236
243
1366
219
962
43
1064
157
6797
6194
610
1763
2008
801
1411
34
38
1082
2348
76
511
57
198
26299
4173
15280
93
1730
342
1344
379
1488
396
2429
604
400
3491
870
4048
246
298
779
901
2497
1138
46
169
64
2351
3250
1457
36
567
32
558
10281
358
431
1094
98
23
563
4513
149
2037
8407
10315
642
728
1259
467
9977
236
2539
617
3898
144
1150
75
39
344
87
242
126
2344
8056
841
969
1842
438
942
1459
188
5929
234
127
27
204
98
1251
553
1029
2126
1627
760
12813
2169
1243
312
2155
2774
26
2958
189
39
237
179
2466
353
134
1504
32594
355
133
103
1265
190
2208
11932
3400
5525
148
16518
18
7689
740
309
1768
13226
32087
502
351
82
313
1333
2448
2641
287
3309
301
1885
31
213
2561
128
1284
772
545
902
62201
265
5645
334
3717
5932
2225
1086
29464
89
97
1151
184
18
3225
756
5625
189
72
234
254
1132
704
1623
347
402
81
821
1264
166
8994
75
821
10147
1032
1666
569
435
5345
838
5064
50932
1796
2808
2854
12210
56260
1342
146
492
2306
49
4470
908
19528
20
20
750
12667
3614
1994
33311
120
5431
5559
887
613
6292
1226
524
212
5166
1173
96
207
318
617
45
558
2606
1875
1360
291
1048
2200
234
7085
12833
483
1181
773
3399
346
441
1515
241
3549
957
275
2501
1049
556
92
125
1499
2126
158
94
915
113
3659
2141
201
140
40
515
58
125
139
1187
46
109
58694
363
35874
9772
1735
1299
1770
29
108
48
108
935
895
279
67
11159
192
8174
378
236
121
156
2236
842
3981
628
1571
44
127
798
672
4800
1622
1899
8513
78
26905
59
795
55
5621
6373
15621
191
1686
55
520
4799
900
1090
2058
3670
725
88
127
2141
119
2542
8647
383
98
461
2073
436
617
544
11128
2216
114
6703
902
1072
1828
1726
5432
2811
378
415
88
611
100
1830
1158
448
6951
1068
3791
37277
660
1744
47
543
44
4374
315
2180
62
2842
3414
11
69
2475
1255
46
104
1735
117
109
1561
100
174
132
3518
198
1011
25
69
3281
219
277
1884
622
9084
7998
684
143
2304
518
2967
216
3407
17
2134
568
266
681
236
305
1041
149
13248
467
435
378
649
40
96
319
103
412
300
373
18604
1325
2013
270
1147
7567
5796
375
1263
472
582
15
426
7779
401
1129
357
4204
13724
1366
155
6116
798
635
66
176
189
98
3870
447
4067
2385
781
495
194
963
2702
14
800
401
5549
1353
6972
96
8558
11
13578
1748
519
1296
651
167
13
664
1073
8832
64
26
256
736
488
54
135
7367
21
3525
15
68
78
210
184
152
27
433
967
228
92
3121
1201
909
296
630
18
11
582
2786
256
3137
14502
2005
2295
70
2205
678
1020
8797
6853
4949
53
623
162
1604
151
1701
37
232
813
1950
105
3062
931
295
257
35621
140
1603
10545
166
1679
362
227
208
35070
1500
2325
543
6285
45
6011
245
21516
7173
542
133
3132
5399
7297
618
53469
1065
189
2251
19
121
3754
1424
108
3256
311
42
463
1123
2148
599
7482
415
60
6805
1665
1317
92
36
386
197
115
3693
1545
1376
2179
146
15183
91
480
184
271
440
1854
14461
33
4971
755
2782
2482
167
773
377
398
305
960
2205
27718
282
259
754
351
2357
2269
3289
6168
883
1145
1329
515
34362
11179
6326
22697
44793
191
490
45
7215
254
721
86
11
3021
7070
158
2002
1787
522
3998
3320
391
1139
1368
19127
10630
4464
380
2615
2324
31233
741
509
891
405
53
1900
88
11138
15346
118
1277
483
81329
316
5809
3327
868
65
73
665
507
202
91
1467
78
1205
160
3028
756
130
15
2997
1867
1799
460
30
276
202
3040
299
740
807
540
383
8367
24
411
320
11
889
4228
200
1465
4119
6717
300
716
50
221
75
1779
699
1414
369
521
11
1165
651
417
22
1160
149
2457
308
516
5821
8018
740
4260
106
438
8713
1226
1552
5032
12415
21835
21
5736
48
2132
1026
5135
174
11100
22795
1221
529
5473
977
13176
810
688
397
761
113
1006
49
826
2532
1066
2968
4067
458
89
5076
4851
749
3778
15
59
965
30178
11476
8506
2109
1469
1346
157
1731
735
36
681
769
391
188
572
448
913
218
2316
1294
10
2073
313
75
825
13326
6675
1786
4777
1690
1632
977
5167
11
98
170
88
100
271
781
933
223
24
617
762
6734
1389
1852
532
1870
927
937
6595
966
2951
2155
1434
259
989
906
3780
2821
644
505
8813
4600
62519
35
140
697
66801
240
172
10
1283
350
86
1432
34
40
9696
73
25
620
755
1993
209
1282
907
55
53
405
7559
153
43
767
7364
2117
159
283
63
67
319
3078
4020
863
167
174
274
64
4520
13
783
3799
210
1982
470
305
7510
559
40
401
2006
125
2135
688
373
918
1973
5775
172
788
19
465
130
156
139
1156
558
1190
60
39
2803
56
283
533
31
1265
708
4629
238
774
119
906
21
788
34
159
765
198
1402
975
105
209
51
248
852
490
10173
551
488
78
209
27169
3101
1659
2942
1495
1733
1426
3819
1653
1759
1002
1774
2534
9280
18
960
12986
1057
926
1288
649
329
11833
9468
15906
565
678
104
542
918
669
128
110
14733
4186
2004
1868
153
3399
2284
1016
2944
7746
428
3126
8811
642
6527
896
1407
754
74
289
3659
38
1526
2276
8429
138
884
41
1526
14
2658
11495
3268
31
56
23050
210
217
1089
218
7848
1012
12
150
799
2535
1216
5392
1739
201
105
4827
438
651
1451
150
2376
197
6239
880
5111
5153
103
629
20782
1450
1166
6202
408
276
713
1369
1531
662
16601
7504
158
17639
37529
267
1536
1239
2463
20984
242
2131
3593
666
553
115
131
132
584
547
47
200
350
292
321
137
135
381
17
14669
43
388
1185
270
19835
7135
693
844
964
4774
249
224
425
82
170
1013
170
498
3131
3656
3641
8538
36
12
3700
754
1095
112
578
34
180
633
95
76
213
1966
195
10
613
580
311
2643
60264
7932
924
1683
7730
8355
3247
6062
618
4486
398
93
2610
324
64
407
41
100
353
3867
90
178
2090
143
456
5006
125
2623
6939
143
1210
6833
111
7415
49
137
1097
364
46
1875
3339
1034
1356
4294
1429
7286
550
3393
303
323
2526
1275
155
267
293
239
314
8696
1096
31
1591
428
490
647
1470
98
4606
21416
5582
1012
2325
1937
180
193
15
30
18047
786
2000
850
1039
2000
850
1039
267
129
20166
2542
3824
267
129
20166
2542
3824
1798
5883
1798
5883
65
2935
1699
18160
65
2935
1699
18160
4436
9782
280
94
7624
1624
4436
9782
280
94
7624
1624
2640
3245
14152
22641
2640
3245
14152
22641
2023
13714
2023
13714
64
78
1240
2952
1969
10
1626
64
78
1240
2952
1969
10
1626
838
838
1514
1514
901
901
2902
3189
3126
2811
110
6649
2902
3189
3126
2811
110
6649
1742
494
1742
494
849
509
3084
23
3411
849
509
3084
23
3411
48177
8292
1149
48177
8292
1149
16779
7076
16779
7076
96
96
410
60
296
410
60
296
5505
12021
459
17637
65
1231
5505
12021
459
17637
65
1231
677
677
442
442
30
86
18054
30
86
18054
561
561
109
16
16
16
960
109
16
16
16
960
104
104
3418
80
3418
80
17884
261
261
177
2786
177
2786
334
164
982
1685
2851
147
334
164
982
1685
2851
147
3356
1383
25273
3356
1383
25273
368
368
1675
1675
427
427
727
5211
292
7284
261
1356
115
261
1356
115
874
874
668
295
873
620
668
295
873
620
1158
31203
2583
8757
23645
1477
1158
31203
2583
8757
23645
1477
85
1477
85
1477
455
1507
455
1507
8095
8095
14
14
460
244
2800
3937
460
244
2800
3937
738
738
12950
328
1706
11
1946
2458
483
115
1277
11
2814
2275
12950
328
1706
1946
2458
483
115
1277
2814
2275
7242
1872
7242
1872
2685
2685
2087
40
159
72
1459
188
2087
40
159
72
1459
188
93
819
112
93
819
112
1845
10
18
1845
10
18
13
10
3862
15
13
10
3862
15
2766
81
2626
472
91
376
91
376
315
135
4792
8210
994
4452
3792
1854
1051
6636
4340
51
40
304
582
118
80
1711
27
222
1804
7570
784
11870
2875
3058
1933
8308
55
2342
223
2171
106
641
2924
318
65
25787
2018
564
5042
772
82
104
952
1163
4376
49
130
196
107
1591
75
162
2255
3504
2120
516
7747
21
5171
866
803
1582
34
177
178
151
101
266
98
31
62
78
406
221
19980
1314
887
6349
32
100
130
809
1314
494
2186
5654
747
1499
110
1258
1445
469
37058
26
3320
1169
388
192
917
772
1442
241
14
24
747
2153
36
2410
1057
2375
2594
242
2537
1166
2863
802
287
7571
4254
2785
291
4893
14095
5606
70
175
13771
523
2534
6998
2368
14
123
483
262
3225
1696
3515
8410
18
29
46
58
8697
1438
432
1980
21
3366
1782
14703
748
8176
521
3112
2057
48
841
2565
362
199
628
5800
2631
1137
