1506
2977
863
4250
816
600
11
64
5197
1925
65
24
110
3263
37
70
2097
79
946
5795
2755
2394
1312
2005
4266
110
909
1080
21183
165
2305
116
369
2821
1289
1079
707
98
3461
6069
2102
10036
33
7167
46
437
689
931
82821
1895
16041
29
11826
265
894
766
79
2409
1160
76
672
194
1085
481
1922
1998
305
932
198
4362
2860
106
65
1448
161
371
172
1819
353
936
465
1471
332
7980
87
12364
8987
382
221
1790
224
2423
528
1192
81
69
817
1229
669
4366
164
115
938
1585
364
1163
161
138
9356
700
101
1005
530
2250
977
1669
136
2820
104
3546
106
85
236
1154
1721
4153
20717
615
2915
1373
2215
81
2575
27
8290
1102
553
2229
3326
105
78
23357
6798
2834
2112
28299
5242
4916
255
869
924
297
353
637
887
885
15958
7253
3477
964
774
1217
1089
2899
318
8186
41
11740
3440
1461
7087
3300
3720
1100
1596
552
6820
6179
565
105
24
9513
20
83
10
112
141
2896
167
2743
3655
204
86
63
103
10612
2882
1427
765
1619
2815
3635
6460
98
403
3502
1118
8488
101
378
752
15204
1529
1796
1775
1946
633
1231
208
948
137
1213
1157
4173
65
1999
259
94
83
325
17
15260
17
59
513
409
1480
1593
197
488
348
913
12
1768
5542
3658
54
99
3203
486
2773
1971
260
3017
414
1377
53
622
755
1456
1626
10
2203
393
862
834
2626
2014
125
142
13
193
1044
408
615
543
3182
149
1834
2435
16
121
199
6306
97
901
508
96
3982
342
1278
9728
244
7757
3915
30
136
74
23857
821
4719
645
9950
6851
3581
1609
743
61
7525
17
33088
1840
597
836
1269
351
11560
55
8468
1996
767
272
43
106
1152
104
422
533
2048
15
290
159
4892
889
2403
30109
83
332
22
25
1509
37
926
124
18
873
416
1143
2745
89
49
2483
447
39
50
48
1746
3333
6786
7370
60
236
34
97
908
21
54
799
2920
106
1455
71
5790
4157
1034
23051
534
860
145
474
2276
1526
446
80
9723
328
625
1455
12949
1472
10707
852
1161
51
10171
224
806
594
103
2096
64
1257
249
1028
917
22
727
1600
1669
17663
9477
67
1008
60801
358
4345
1365
1429
10915
2163
2094
75
102
3953
5211
1588
166
1125
3224
39789
14486
162
1735
1105
901
1199
1682
464
509
1725
16437
213
3385
3613
139
5255
3477
1408
899
372
565
7496
253
20
167
37
239
368
5512
223
3211
10
7421
12
455
30
1558
30
490
234
6894
1108
28314
261
87
893
1088
261
770
1175
244
3248
177
94
31
761
1202
16407
5758
392
66
633
1470
1012
1646
2248
242
2365
157
826
217
462
614
253
542
15
179
121
70844
355
2585
28398
400
8787
1166
375
18
973
196
15959
22581
1426
343
2315
2885
10
960
1373
2468
1457
3810
2701
9306
147
966
1463
1608
1981
25
5017
1391
127
61
880
21
226
770
140
4092
4863
4586
4651
4163
11562
125
1059
801
47
1984
1308
663
539
413
8754
218
800
2700
991
131
4072
1182
28
1386
1572
4810
47
5712
16633
20234
2611
19
620
709
1249
49
4711
147
97
812
99
619
273
209
102
32
103
61
71
2111
7292
36
43
490
307
2100
927
53057
2370
9573
3571
18
2077
1012
2576
1532
1817
1474
3087
511
44
60
1289
4814
21
2289
383
307
19137
13752
1952
989
432
81
83
161
397
1220
133
30
841
420
72
456
55
1992
24142
54537
269
203
5098
5203
3282
436
3766
70
6412
5350
455
1193
852
5089
68427
76937
1339
117
41416
148
2412
472
569
1522
326
2029
9808
1921
3991
4816
11938
32
344
31401
5722
103
727
1391
12778
68
299
156
7563
115
36
1372
10510
92
496
1060
2394
206
38
449
131
394
715
93
37
179
1060
1650
1755
359
1008
177
3673
313
2082
198
1153
3011
1028
2276
50
960
71
131
8586
61
5025
1960
356
78
2578
479
1421
3938
1371
633
99
18
756
1228
143
1474
227
1798
15
267
133
112
98
31
458
533
288
1255
35
223
2173
2476
292
10689
11
7512
10
2422
1241
101
71
708
142
938
6522
6653
119
1889
34276
570
263
2091
916
502
12504
71
6724
106
104
973
434
10
90
143
995
78
1223
1961
374
1512
1708
157
2485
22
101
2025
1065
184
272
180
39
66
3145
14
95
1103
28
931
417
93
1944
114
136
203
1940
2576
2218
148
389
5300
2259
701
1282
1875
2136
2087
13
210
1579
222
2855
6585
697
12071
1881
2110
3034
260
2201
1462
203
2293
1829
9815
10
589
441
179
1153
113
454
1785
1624
83
15
586
2835
693
13798
11775
1589
143
5069
1460
212
42
543
57
43
2642
661
89
359
6766
316
315
1704
630
138
4605
2644
4945
683
168
384
586
5196
304
295
5040
760
1967
8234
183
89
80
121
309
3533
3453
257
205
317
2635
2941
148
12
1956
2195
1019
56
2702
392
100
93
4787
9617
2966
2110
240
911
9624
1225
80
27
14606
16073
9130
62
126
2628
2088
121
3550
1439
2124
37
10
1175
2374
392
14965
6317
439
721
984
31399
35
962
29
788
932
43
61417
2387
1606
709
2065
1136
1347
840
13
119
116
455
134
423
2866
2303
350
2631
4364
3300
11365
128
4713
859
65
576
517
142
2429
4989
3268
2745
2699
13147
4602
392
54
586
45
146
1081
474
192
56
458
9864
4470
1496
4333
771
1874
133
2813
273
3262
26788
2078
3183
3020
70
128
443
4727
139
542
977
1170
39
3761
3120
694
1044
106
313
237
5319
2156
641
1219
60
2390
5728
1312
778
79
9072
94
2160
14949
467
12250
984
1089
55
738
1946
3229
1470
33694
341
2017
248
287
57
5067
53
676
382
94
78
1071
519
467
5619
1096
34
32
8632
112
4457
5749
2832
8813
674
2719
45130
30
35
930
2841
174
20206
12
334
974
77
69
188
62
1820
9465
14441
557
998
33
854
1572
136
883
1680
7495
88
218
1101
740
4819
227
75
119
566
679
194
1017
11180
2857
90
1509
923
935
2587
1588
7255
7361
381
18355
6138
490
7563
13
67
166
142
177
719
178
2452
96
1653
510
8531
108
3770
3303
3076
61
9321
1400
271
5730
989
15635
4006
1042
257
1276
188
14921
14878
162
22
1004
3049
113
7388
129
2496
10347
667
117
218
7259
1368
118
2072
82
965
10
239
916
606
80
716
1038
31
14
2220
2104
1695
23
10892
851
15
45
2173
1574
984
1703
1076
315
290
798
1081
1064
127
3416
366
136
163
45
27
117
1068
1708
82
3794
198
1752
23
463
35937
525
43
6736
4971
5870
8064
3626
14
637
167
580
1013
20
346
6233
1490
748
3575
35
28
760
5270
1563
1450
14814
214
78
1508
55
1336
85
84
1631
10881
4019
6020
2180
711
205
632
1849
1111
776
544
3189
12667
2574
1537
7938
7235
633
116
1794
2088
752
3106
6531
10536
15333
11145
21
2711
1467
54
71
60
63
674
553
4453
811
26
79
1703
857
37
267
1849
16
272
246
137
5682
3552
3298
177
1852
125
540
2924
388
743
80
6661
1732
2236
16940
439
446
144
183
1064
876
1277
1468
364
1606
1305
10073
18
42
1006
74
4215
731
1095
1510
1813
117
80
296
63
754
693
19
14
1016
124
2845
1785
169
67
1430
1803
104
647
768
655
2482
941
1725
1811
102
2838
32
49468
2988
2264
170
2941
170
109
1910
5349
794
567
103
341
9603
1068
178
64
163
16694
35807
6757
10600
5964
5359
1441
214
66
417
4056
3516
23
929
11
5906
793
244
9353
61
445
37
119
1066
1019
12310
747
1240
150
20
153
194
53
2431
3569
15
914
397
1092
28911
1421
54
537
175
177
70
9116
2533
1741
219
2123
5140
1138
2388
63
788
1041
1395
2567
1649
20849
27
7722
4104
22101
2207
10
5807
112
9689
27
3979
1323
932
7165
479
1046
44577
6590
4445
810
6554
18916
8746
3261
4479
1339
1589
37
6271
4453
813
194
68
900
20
155
96
4987
8205
688
8020
751
1924
5130
414
1954
140
663
3844
792
3009
1094
12224
50
1284
830
2281
4030
671
1282
307
177
297
323
1528
1183
306
279
51
1049
1286
4484
15171
6195
10182
14
1555
5175
1199
88
314
106
105
3866
108
339
66
3583
238
470
4192
1653
14746
26
114
182
134
1040
7041
13435
4399
302
329
192
3531
18
1013
2924
654
993
13
4969
6065
113
12
1862
1797
478
993
110
39
104
1220
50
27432
130
3222
358
87
81
166
683
91
128
2879
216
2293
104
7602
35419
20
1594
1289
133
2897
113
2817
243
1152
971
226
399
631
816
51
772
3573
16
89
100
1768
1423
315
3047
154
10410
167
204
109
10596
5569
53
701
14
24
7513
12795
17180
4168
11053
9298
6710
5105
139
30503
5600
164
15233
188
382
242
232
2237
36
1930
25
951
108
1351
3427
37
18235
1982
6698
2771
185
44930
609
309
309
11608
1312
1054
136
3029
183
819
80
1580
665
44
22
4496
2276
99
2486
112
112
3512
179
9813
24511
1291
1048
110
5370
4722
168
2552
153
306
1291
1998
2221
1227
202
256
2868
2153
3285
1157
595
2409
1783
239
10496
267
292
230
210
7584
5230
91
2504
24
1124
531
1824
122
436
1396
67
620
2059
1121
1786
1464
4793
3194
1236
2652
1347
953
3813
723
442
9381
8360
224
981
25
412
296
777
7014
979
18037
215
6994
37557
4425
72
49
67
560
232
4908
1225
49
286
1616
379
3174
1076
1619
12363
2607
1961
14410
77
1406
3723
147
217
2933
94
54
58
89
2876
2161
4069
180
2177
760
485
9383
1246
909
1238
225
279
1455
552
759
11
133
3377
559
150
2805
5948
281
63
33
6357
188
1137
149
182
184
176
4968
2716
310
31
33424
530
1574
538
105
367
2421
66
205
1351
152
1063
55
4404
4131
4997
23
4045
1714
39
241
688
172
4623
172
384
3342
4058
643
2091
1612
2761
138
1161
398
1625
41
1460
334
3141
310
127
76
2396
2107
4069
2498
318
145
5221
2305
1335
293
4929
4402
1533
128
11
1518
28
28
2695
4083
87
1321
114
164
150
14
12971
3588
139
200
86
3807
225
409
2547
4671
4478
79
175
2334
1964
4111
454
163
1037
2834
1621
227
4938
21738
11
79
138
111
2622
801
1595
53
103
4554
847
50
155
625
1085
433
53
621
2368
29
40
31
4845
28
561
77
1945
119
7276
12
26
2543
595
73
1898
42
462
12
12
322
685
101
408
127
298
309
744
2564
6112
4446
173
128
4206
255
123
40
57
34
1019
117
43
2747
9686
125
221
51
46454
3044
121
30346
266
2402
3873
5479
108
5401
1832
228
3224
1427
27
1446
553
224
87
1150
1415
425
55
3203
121
468
194
162
269
50
175
270
381
83
6598
1700
11574
15485
280
4777
344
2598
1284
1261
3155
3572
259
1590
2062
3487
9212
2078
76
790
658
95
4370
9214
162
177
4498
1194
37
1363
1608
1342
19568
2518
200
208
1373
552
54
1484
77
61
158
716
374
15201
173
40
339
3252
1190
1930
672
531
1143
32
2075
882
95
598
10
60
80
161
1585
1978
10
2914
145
879
113
742
23
8412
500
1487
495
55
638
1852
116
141
4696
1439
4243
1728
214
604
39958
3411
2584
213
3205
908
2324
503
21
616
2929
8521
5447
1604
428
330
406
249
131
233
354
6345
6811
1801
7147
919
546
1407
306
555
20
885
45
110
612
155
1518
2406
5145
1492
70
175
2368
230
2182
64559
316
32
408
1637
165
32
4724
2098
87
12
543
83
292
520
3407
1467
799
1140
811
2002
13
110
4666
2165
190
312
676
193
19510
227
49
645
108
873
2528
1011
406
114
126
55
568
3338
86
66
2029
46
1417
787
1846
2770
19986
541
5521
19349
16396
136
190
164
19211
1631
2707
192
32
65
5055
6317
489
1507
308
68
169
10622
4945
148
7174
3566
3960
55
79
163
19393
4792
3419
131
44
714
1365
108
1885
1012
194
50
23
3803
103
3407
637
2177
3923
8705
1034
544
8083
4520
2862
16
137
670
178
20603
520
1181
159
85
15
121
82
12
25
749
758
7538
49
807
14473
81
1059
258
5773
95
219
498
2570
13
844
1195
54
81
152
1262
1034
233
1563
528
720
3034
52
252
3319
1513
6279
18440
65
4130
592
659
5000
296
1606
4868
7174
2367
1117
1926
1342
2127
1711
358
54
55
1078
87
1494
81
1176
1047
59
1208
368
152
361
1354
20657
59
3664
380
1028
63
1892
1892
128
77
9861
128
77
9861
6403
6403
10
487
112
1057
142
586
10
487
112
1057
142
586
29415
394
29415
394
264
3452
20098
264
3452
20098
20
6051
20
6051
1153
5792
896
1153
5792
896
192
192
967
4619
11666
384
695
967
4619
11666
384
695
7222
73
3081
9268
7222
73
3081
9268
728
675
1752
625
149
1161
6073
14964
773
1752
1306
728
675
625
149
1161
6073
14964
773
1306
194
194
126
56
2261
1183
361
126
56
2261
1183
361
905
1299
173
100
805
844
905
1299
173
100
805
844
489
489
1480
307
1161
2599
526
91
1480
307
1161
2599
526
91
7533
6359
4972
7533
6359
4972
396
396
1618
1618
30
30
4418
4003
4418
4003
10957
15528
5708
3397
10957
15528
5708
3397
3115
1094
3115
1094
77
77
27
153
27
153
536
536
6176
6176
1250
230
17531
1480
1985
156
340
431
5248
1480
910
6179
1250
230
17531
1985
156
340
431
5248
910
6179
2039
131
2039
131
17496
107
17496
107
30
30
2255
2255
2969
19536
19536
93
93
945
84
945
84
280
280
1621
12297
30432
30432
694
694
614
614
85
85
1564
105
1210
17
12543
1402
1564
105
1210
17
12543
1402
264
264
17663
17663
70
70
103
1271
229
103
1271
229
1001
5919
6091
295
7394
3403
7394
3403
1109
64
1109
64
1770
136
1770
136
236
229
46
1078
125
560
170
437
448
113
1646
1646
108
594
5667
2462
163
3520
54
236
108
229
46
1078
125
560
170
437
448
113
594
5667
2462
163
3520
54
2927
2927
4112
4112
25871
25871
1060
1060
278
278
1459
1459
1796
311
467
1796
311
467
416
2206
5516
416
2206
5516
1617
89
26493
1617
89
26493
280
1282
280
1282
185
185
1579
5211
69
127
7332
43
1579
5211
69
127
7332
43
1072
1712
236
538
2326
1072
1712
236
538
2326
2356
3105
6995
2356
3105
6995
31
31
1899
1899
554
60
1185
554
60
1185
2809
730
2809
730
11
11
3849
3849
554
24
1012
115
554
24
1012
115
5513
2579
2938
793
4324
193
142
5513
2579
2938
793
4324
193
142
3556
2069
381
3075
70
4597
1378
950
12514
1685
20506
2119
135
47
3951
84
19
422
646
28
1264
6467
10732
1121
60
1909
2423
21
291
1163
1529
68
31116
2180
2022
160
7693
91
324
305
3129
2006
5847
2543
705
179
1019
254
47
55
87
97
1979
8910
3150
34
3876
126
48
91
1685
2058
2509
4478
2536
160
374
4957
29509
1771
1394
1877
2048
1044
223
316
1253
83
10122
1061
7548
118
2490
308
324
479
113
48
78
20
42
247
282
14
1181
1558
53
1460
1949
3851
4115
106
545
11
4655
976
6147
2080
57
377
4372
648
313
5184
1464
882
6632
599
643
6261
7239
772
112
51
6829
69
1759
451
273
11390
30
1454
942
2948
48
11220
2132
730
8162
1912
1754
637
717
119
543
347
35
88
793
1030
