150
1019
122
3634
15
2259
2552
4005
345
300
7473
92
1135
323
343
45379
17655
7333
109
143
35813
8704
400
2848
781
4036
2799
2659
112
11555
1462
971
88
2347
154
1674
247
266
49595
312
39
1877
7181
2810
760
1347
8351
16
405
513
4130
8644
185
97
454
581
1066
60
93
665
63440
5810
757
26678
33701
469
405
16076
70
83
1828
263
90
319
827
71
796
1327
5255
15308
99
57538
3576
28626
195
2011
739
57
22288
1042
105
714
1109
412
663
3380
109
143
249
178
637
516
953
165
456
1262
1831
16881
167
13146
716
256
5535
2179
10
517
100
230
20632
291
1235
448
821
3439
2608
3543
3165
2571
6606
273
15
590
18
19
70
765
38359
10146
8182
37
234
103
302
25
649
192
440
370
333
716
317
73
12
21
671
2892
49
414
977
25
688
326
280
56
51
242
787
150
1929
355
1549
173
2429
77
747
314
637
17
85
527
4674
214
623
5741
2184
859
10347
8337
9681
150
42530
9650
485
1785
65
794
2169
308
29891
2187
667
2860
48516
16140
84
1006
15005
118
10263
1682
223
568
1168
26
24
100
14
2448
96
214
84
120
1007
6147
220
75
81
95
111
17093
80
79
15
217
133
817
90
11717
542
1745
301
5551
3795
78863
566
32
85
78475
50721
72
136
13
15
5834
37558
685
284
14758
227
1384
443
36120
14433
1248
11855
25799
2715
12
79
226
1417
4804
49286
406
194
155
370
131
289
7391
8928
68581
1751
22911
909
154
66993
637
15789
219
441
26194
1619
3143
448
2523
3109
88
16
17
17
15
2661
24
593
433
11318
276
20029
1348
8534
929
18373
92
683
126
126
74
134
303
3256
102
493
43
106
32
66
18945
21313
153
1109
144
1270
2379
6590
556
1416
24430
19534
11107
2902
8292
2324
56409
9253
299
47
215
43210
47
131
5968
31
367
218
965
589
4834
126
5011
12
2568
456
47
12019
4092
246
582
18334
15950
922
326
18000
495
7859
67
1902
2972
807
496
997
154
159
323
24
243
140
111
346
333
282
12
4917
105
2822
561
14112
1803
152
323
476
6813
374
79088
449
19276
233
787
139
536
84
261
227
668
1032
545
545
296
858
322
13
167
100617
1071
21766
1151
3740
161
567
1132
195
542
292
231
139
253
1404
22678
2843
216
77753
292
28035
872
703
4999
5918
21503
216
2210
1197
222
88
834
37
230
605
1535
602
15
15
33
588
34
278
756
10587
498
632
153
225
289
575
94
1101
10
160
996
2884
451
4473
177
388
8061
274
10613
5236
1125
567
178
699
246
745
396
1137
878
547
143
588
547
684
3048
2251
840
182
4735
638
106
318
693
27
744
297
57
202
218
548
1858
9011
2720
1538
1176
618
58
39
537
830
320
3454
2444
318
412
287
112
321
230
411
23
12
830
1076
120
18
97
1352
186
755
62
4519
8215
285
501
3741
406
6724
239
27
357
101
414
195
715
1460
616
1442
358
11
838
325
35
1667
2281
677
2051
281
54
443
708
921
592
1266
66
150
38
124
1100
23
131
587
33372
19
146
49
431
1242
197
88
193
95
189
82
1260
744
1104
96
75
257
3953
2347
1196
4734
821
3558
522
65
573
417
428
2920
214
1419
2164
3790
1555
519
303
2393
64
191
82
89
3744
7373
619
212
68741
10
183
311
2213
1547
1175
89138
226
255
1740
1465
2120
1622
10343
31459
38588
412
7302
69
1388
81
810
1254
2875
1083
752
232
425
1205
365
1786
1457
1971
186
895
196
140
364
1748
592
222
149
56
40
2548
701
415
797
634
1953
2922
1110
186
261
2200
503
43761
51320
89
1134
1183
1729
622
839
352
129
405
668
998
918
285
11
92
903
17
108
1915
308
621
16
108
30
80
137
6776
404
35
47
778
64
32
311
5629
1456
3542
2608
144
170
525
17973
1545
117
139
188
1038
468
48
403
11
353
391
178
53
399
1057
22976
337
126
769
1122
573
232
5619
2022
3817
364
104
216
1063
1909
820
625
107
139
57
31390
383
217
9261
265
21599
199
967
1127
2131
258
319
18
707
636
1108
1735
16119
91
56
38
16144
101
4195
304
36
133
92
986
1883
901
2861
670
52
1525
605
6534
1284
1536
70866
447
443
68126
31
334
2322
6156
502
49
810
1024
910
44
68
170
469
2633
39298
8242
7015
11626
506
23
687
18474
5081
366
1096
3973
748
4924
1493
22
4858
41
156
1239
71
3566
1441
381
17170
2191
1206
77846
399
26249
82
352
21
1327
232
944
760
4588
159
231
33641
153
21
20239
14341
150
3154
827
267
4734
519
166
2670
413
1222
105
621
1401
1985
1315
262
1178
210
62965
32708
185
224
378
2487
145
365
1182
943
100
145
2388
685
1582
11607
207
45772
838
136
1464
648
509
1218
563
411
254
29215
5240
4505
4829
2555
260
96
227
767
115
108
398
563
1304
1304
3637
96
274
663
183
1094
43
76
57506
76
7303
92
23942
277
5061
4318
110
1214
101
6510
275
318
32
988
139
416
1416
2077
895
569
218
15733
425
20
62
154
102
34
800
2245
70
513
324
51015
924
375
63
3285
64
38
50
12263
368
15765
399
268
815
18138
124
13501
21509
9873
21594
10023
3535
5443
894
92
289
785
297
1511
40
4104
1095
1355
935
1156
1543
128
121
25178
35843
17075
1123
18000
825
22423
73
1011
827
135
79
1951
918
179
38004
1097
718
18
127
523
550
11829
1000
222
9525
2218
1230
2147
1431
126
589
480
115
27074
397
478
486
364
361
187
875
656
42
276
459
898
1182
974
5732
9430
511
2962
29
14
124
2088
157
5072
3886
215
201
82
341
20833
6500
186
3177
6487
99
276
1140
792
10521
68
686
14591
274
291
1298
2371
917
50
272
76
1244
4616
6982
53
465
263
10505
5526
308
74
357
259
441
84
442
613
895
3125
2952
1157
638
115
10423
21909
139
279
246
73
546
968
462
172
4949
171
277
61
32986
765
317
27992
1228
11
1234
22777
232
58169
7864
818
44
19061
189
1949
356
98
1108
1264
19
10
175
294
87
196
134
65
508
441
38558
813
1623
7234
45
454
14
121
974
3169
9328
290
233
30905
720
978
6009
415
140
123
266
59
296
805
597
426
43
102
150
388
7545
349
2703
22
153
106
616
2461
62
4767
108
89
101
14888
640
2680
853
774
244
86
542
51
1668
42
3366
32
3003
2261
1158
246
1366
137
296
1562
13
5691
96
403
768
276
146
3026
336
11399
171
794
41
2273
116
7969
14
97
56
14
72
14
100
21
115
1206
198
70049
308
1887
258
303
229
316
484
99
1033
49
523
83
281
489
516
863
582
346
93
1411
474
1978
5826
83
214
200
39926
1169
145
1337
169
65
118
26
189
30
525
3250
33
34
132
15
178
25
13
2786
19438
295
30974
41
100
28801
41
1452
620
1731
761
571
293
20
199
344
703
2089
12
61
2414
411
12
200
1146
29
31
33
202
6340
357
18
806
10689
564
118
689
57
397
157
368
324
17
508
17579
170
63
221
224
13439
23
4353
2008
458
44
167
773
362
2600
264
135
650
155
77
2182
32
152
7258
269
88
93
271
957
66
992
30
291
382
396
550
2170
92
352
1245
62
3109
1237
13258
10802
266
1381
883
59
1964
258
421
20807
596
208
44
3240
928
2014
48
717
76
1623
762
338
1206
211
96
255
18192
10999
241
147
106
465
671
482
167
350
254
741
310
1202
3060
193
230
119
164
263
2368
203
105
159
1549
382
18
62
334
288
164
1319
171
1340
13
7061
54
514
618
796
1201
287
374
144
1202
286
1353
2047
249
173
3287
3119
1261
3664
385
635
123
114
46
112
124
6098
14
39
2382
352
90
128
9670
2179
1227
15746
1458
15822
404
101
32491
657
1949
8250
10
487
97
386
390
13977
971
820
30129
93
24904
84
1369
634
8041
1013
17
1154
1094
80
318
131
8026
1367
67955
17673
3809
827
340
537
1884
1887
556
358
100
30219
133
476
24
83
7289
118
2938
1928
925
26950
226
8094
51035
298
1787
3925
118
11
53
996
50
239
278
131
356
495
166
643
920
355
34
183
25872
16061
162
66342
115
507
95
57454
301
144
90
163
12150
836
3061
1286
105
109
594
37
52789
614
330
299
204
655
168
400
321
26
320
446
152
270
2471
2406
7310
26
19
1719
48
2043
681
1161
492
105
388
39
110
3106
73
1061
59
3739
1185
2404
2261
5438
594
32
248
370
896
293
308
105
221
1497
3174
5697
495
92
218
128
110
3218
173
135
1457
25
123
2768
452
4090
249
3095
9393
101
5973
3558
140
28
293
55460
189
172
314
664
22954
15664
172
9299
288
137
14968
6860
1485
968
187
30566
275
287
432
487
3310
15236
194
255
1876
1431
6886
14
1646
3306
122
11369
2715
477
103
4019
9251
346
11336
159
1319
5589
4982
1104
268
65
12985
62
16064
589
530
287
294
620
2764
193
855
552
1021
134
241
51
370
4394
97
854
1479
18
1113
1536
797
484
736
291
1620
1070
51
2254
58
182
19
13458
1230
394
202
1372
11688
3395
1831
6198
160
28172
7572
197
410
402
1724
1636
182
386
1927
203
610
223
631
143
244
3230
817
10
567
2312
1288
1145
2545
2009
23
1115
1409
2259
551
1456
1558
1023
399
94
4002
119778
2106
2958
452
8091
2508
390
61
44
1087
1328
17
13751
926
15967
656
803
1955
356
1018
253
704
248
469
285
1529
23
2133
141
15603
11
190
3394
523
627
175
12
6685
26409
22
163
420
287
331
949
642
1554
14279
54759
1700
969
510
2602
3827
3067
11455
13139
188
130
1012
59
103
35057
220
24
338
14
4718
33419
962
982
2950
13278
804
574
364
271
140
918
76
2508
359
1184
561
75
17331
4229
27529
28017
441
89
487
643
22477
1279
3120
33
17
5440
44
558
74
1039
22332
1555
842
1956
429
3972
147
16277
912
5344
288
1103
11190
34
111
158
5155
927
471
108
659
679
2649
148
105
91
7271
508
3943
73
91
66
1306
1671
66140
108
306
426
12
211
115
2353
2762
3822
53
459
109
38
3216
35077
264
164
145
5763
5854
32
995
53142
7651
117
69
9307
4844
58
2618
1497
53
210
63
660
10
134
641
178
261
3453
18859
5624
1039
3361
1286
30066
98556
3280
31634
275
777
161
707
259
175
96
192
208
2265
315
752
12216
418
939
131
3359
11018
328
9261
1245
1094
673
592
55
189
15146
1419
1080
18954
80
490
414
289
11
139
3974
40
210
2972
5991
1128
124
69
796
355
466
841
166
112
65
271
132
254
381
510
43734
232
867
142
38
119
11
280
2251
933
628
989
204
168
201
1126
172
361
88
864
302
508
615
16733
94
593
557
22852
11510
7194
2534
621
28554
4162
830
390
303
1102
2743
3556
312
1588
358
508
2697
597
412
216
126
69
97
437
42
408
165
398
168
756
75
344
763
1118
31
811
1323
300
23
50
166
25725
3011
389
2101
14
216
156
176
558
113
323
84290
481
283
398
10274
88
156
5535
32
83
396
708
54
338
280
449
4653
40837
231
198
158
8323
108
463
917
1471
1154
635
1726
180
100
1220
160
166
687
33912
990
941
471
7410
889
16260
2909
1170
18139
216
37
23665
213
18063
670
1035
122
996
3694
26
1098
3633
123
33810
26329
16827
41
9022
138
74
162
176
100
131
109
106
201
643
48
71
942
39
538
209
99
10
383
249
850
176
754
2933
21100
153
143
702
188
519
419
453
520
2114
6191
75
277
571
35754
279
20673
61
13342
864
243
50549
1205
15196
524
144
1306
83
389
664
281
384
126
528
141
103
256
548
239
40
76
32
17
1738
313
56
1482
589
205
49
28
74345
5962
643
3046
752
72
4273
208
80
384
66
73
70
176
244
178
289
894
1777
127
103
310
125
487
2239
63
2974
610
7491
191
7899
258
804
1780
177
1109
1351
299
791
116
6694
2769
167
76
817
541
85
249
103
246
9182
52209
139
138
134
1045
14413
514
622
248
2382
2864
1341
7089
1465
148
648
2899
32370
37999
12196
23601
5815
143
46428
201
236
22833
177
457
1294
3329
288
159
1345
260
572
2284
363
214
395
947
292
1328
1017
88
6148
964
270
24178
343
44339
128
1156
328
1091
334
16043
354
193
346
20294
199
103
389
68
1247
246
849
1164
165
98
126
646
15
78
324
778
640
77
86
334
45
104
90
142
536
3555
592
439
255
2853
390
116
276
321
116
149
56
77077
30383
83
357
936
12
394
83
1624
227
276
1345
328
327
323
2561
1072
568
1500
563
7706
409
94
442
1602
644
383
3835
725
2004
270
58
969
21
105
35
100
1057
28129
1358
54138
190
257
109
99826
1138
10982
14457
2175
22
68
398
83
738
137
613
371
3529
3220
3709
40
325
723
352
7320
800
1686
75
560
2128
8546
194
943
299
553
2399
1317
520
962
964
79939
620
973
448
414
188
2904
85
82
140
17340
282
1935
2281
46868
169
30
217
5082
1267
203
4616
12702
967
1092
197
88
31
4706
223
143
13
1013
287
2295
15873
6904
118
191
973
36348
1786
40110
12
239
572
482
23488
23
4425
51890
515
923
14700
448
94
295
143
1358
2380
16
165
33
173
553
9799
346
91
513
80
117
57
98
73
60
523
62
22
54
41646
7986
1230
1715
4459
65
1707
1133
779
2107
105
1093
638
147
31
369
189
133
56
26005
215
142269
191
388
947
256
348
67
14252
473
39
17932
192
21
430
82
88
113
2429
61
244
186
231
303
454
43878
16
19
35
452
550
160
75
593
578
4447
4334
4738
546
135
28151
1247
1475
1216
2713
769
117
172
4650
243
49
274
383
707
383
61
47971
528
6252
138
9354
5465
1356
48569
745
10896
137
393
923
3293
121
376
184
9793
108
4335
2086
162
118
102
540
375
230
88370
570
1860
801
4629
395
9322
334
324
677
101
20849
112
531
279
147
15
1568
1393
31832
132
6846
328
852
857
404
2177
618
172
5733
246
3052
2954
1081
372
1861
34
1994
12
115
2510
2121
13
444
223
24
117
108
1114
1548
153
556
14
756
218
30467
1211
115
241
266
93
1336
37
1956
363
1297
300
1145
297
90
357
1983
44
1138
936
767
10808
564
3932
28184
3671
24
357
420
11126
898
242
24
6691
3993
2031
35731
99
676
2228
35196
23646
3730
127
61144
524
527
846
15119
15819
727
261
319
69
14089
16
40866
29523
99
258
482
864
170
124
955
230
436
119
13463
13435
652
205
907
1076
1560
20
3398
2512
1013
265
520
823
246
5018
966
1118
19576
281
73100
20
154
659
143
633
5030
208
505
688
403
350
216
251
249
1849
2188
387
9172
218
882
194
922
300
1245
60
283
207
6610
302
187
1381
77
55
5520
512
1079
3828
1659
383
636
164
173
238
85
2310
15092
176
125
1360
25891
798
191
203
368
645
121
379
46
168
72
108
468
166
139
389
30953
34
1095
24961
1514
388
1149
2695
445
128
16
222
139
50
1061
1146
632
1166
1624
585
146
1452
812
699
215
28
551
91
3160
46
5211
1454
860
1798
26490
1587
124
420
43
2146
5728
506
6834
89
164
424
10
909
161
43
577
198
365
730
1287
33794
730
185
1307
14
856
550
2170
38
40
2156
1159
43
235
230
33325
939
4018
1400
403
394
14
3063
2791
128
29145
22
33
180
369
131
46
87
18332
4521
451
72
6590
97
13005
98
778
22540
26023
15
1157
19
107
93
12
22
2176
23845
1228
98
279
6201
36021
13691
10
27650
673
1351
2361
609
688
916
16343
196
239
792
392
1614
299
108
17268
1705
1164
29859
407
1898
101
512
6804
5071
913
31052
225
1822
385
2832
237
1330
4833
1082
107
481
11
22763
244
668
2527
1447
157
991
3407
50
616
1065
211
249
801
80
22049
305
22
4502
107
521
2232
30957
1127
13052
128
737
235
19864
929
2157
867
272
100
42
163
412
230
418
199
54
656
16
412
254
68
2081
39
744
101
483
750
842
408
21011
143
2813
156
528
731
1169
214
52
138
100
437
22676
501
305
46316
726
6416
3860
3873
776
225
126
159
131
1072
2369
171
2110
257
192
12
15125
2557
1460
188
71869
71
118
49076
20
100
3583
154
107
269
107
21289
103
491
4409
720
3696
890
2059
1019
182
1152
319
51
210
172
267
2650
964
22797
238
790
129
99
28
5415
744
518
277
11988
723
343
729
15636
105
166
426
199
1313
1651
24367
128
4214
529
241
1815
1120
24
147
8297
166
244
9094
32
154
2627
100
21454
2552
1493
15690
39150
1464
16875
10
9277
244
267
6095
374
697
19596
353
2491
380
1205
381
685
10
352
437
62
560
12293
730
187
58
214
165
423
4120
4345
382
628
3221
967
3072
2370
85
199
3915
114
3997
84
7707
562
31133
552
363
8284
1331
12
34
22
142
141
99780
8650
452
494
133
14855
3717
516
1144
82
509
46
90
26
1318
4134
4887
636
2456
3632
2842
2152
22527
789
482
94
108
130
3199
1138
216
656
2159
550
899
5127
4832
3488
5134
342
152
53
204
55
113
264
49
283
130
27
579
478
716
153
1150
23
144
106
79
138
34
754
12
55
3446
264
2442
186
14
40
40
13
78
20066
34
51
24
721
388
90
1415
363
387
839
918
190
1828
562
454
468
753
35
37230
1224
880
1414
9760
20072
4600
257
490
110
4490
265
419
4080
45
620
29917
585
128156
12210
239
4811
964
370
4589
2416
1162
50285
266
19076
167
4379
207
16960
71
1562
510
4673
117
52
16111
414
2139
339
33876
797
311
282
344
437
1131
3546
81
1083
459
740
105
923
142
754
160
610
22
285
187
1136
432
768
526
663
120
75
61
479
543
684
67
59
91
9604
59
26
2952
2702
386
92
362
670
17757
10538
4204
123
620
912
1081
520
4643
203
43
2864
141
923
11131
7240
28711
41475
213
6897
26
4133
28
19
592
591
2859
14
560
122
42
82
85
257
13
383
4028
132
41974
371
424
280
489
6627
11362
163
758
241
1469
8395
348
41287
66393
624
213
105
665
223
584
124
318
60
4810
128
127
34369
67
321
23102
7286
891
19382
71
18705
14627
96
113
370
215
24
278
25593
5331
1074
237
315
1013
4399
828
973
37
271
382
1694
447
746
2292
664
101
188
101
1656
800
472
30725
9400
758
424
395
38991
48210
1925
14988
75
61
858
3071
1456
1965
4583
23699
111
771
411
351
387
274
92
39520
4021
30615
106864
187
6685
53
56
723
210
1160
68
1250
489
11747
445
204
4481
166
957
1247
25
38286
3703
231
1411
2387
3326
1964
36
1268
56
897
21731
1538
556
346
688
1341
1826
168
7689
331
131
162
36160
870
140
348
226
310
237
1101
151
273
967
189
29652
452
5012
192
1075
119
5868
950
312
1240
166
230
662
291
141
964
24
355
68
347
209
912
25
93
368
511
418
1601
629
787
565
280
19920
1027
1124
585
1195
211
211
23
201
112
153
606
569
106
8055
370
124
231
19762
477
168
13
124444
1217
399
76809
153
6732
65
59958
11404
198
42244
162
308
219
15782
498
238
20261
63
9786
4584
2246
480
67
450
571
83
34
827
159
2336
999
740
314
139
648
463
13161
215
596
164
38
560
1999
719
316
28880
20598
525
184
164
717
180
441
571
4682
1302
15671
2052
917
4387
162
1167
1093
766
1496
19834
209
39
34
625
654
498
33
1484
27043
16
71
15
53
2390
51
152
305
8304
3413
248
3234
123
1779
8104
197
745
280
399
562
14571
1309
53013
326
1299
231
570
917
111442
843
1367
435
63
7471
8534
443
293
532
1129
630
11
245
317
582
369
422
1118
666
520
33402
199
76
571
87
141
446
3055
2001
30
5936
182
72
270
217
5981
832
6148
1225
132
64
207
26994
2450
197
6640
159
212
58
281
258
138
1671
536
267
251
279
1804
219
51
1229
87
88
168
2375
69907
48822
9460
11309
533
14798
787
752
1146
31672
1356
34204
47350
429
373
223
2955
171
1017
24365
470
1630
143
971
248
8645
330
16631
596
30
214
4442
2923
190
2993
3388
133
1072
3614
1160
394
228
103
230
61
30
255
409
914
212
148
103
152
10408
108
111
1736
3813
692
497
2279
1426
2287
480
2320
12
308
405
53
19
39
242
317
615
186
69
580
518
1455
71
10
2030
905
142
65
289
393
800
105
32
11
891
144
690
17854
152
27659
243
1771
49722
133
68332
220
229
1140
221
50
263
248
2305
155
69
226
170
113
347
426
8761
778
19151
12478
101
535
10173
801
24
129
4397
1105
2732
3511
2902
56066
244
38
124
26
24475
21472
3425
121
266
17
519
2072
21858
359
350
437
77
628
1529
3696
870
475
141
513
14197
75
3316
1701
3119
578
1438
28
48503
558
100
9521
190
14
347
147
2817
664
11098
809
122
119
1560
280
7727
585
2201
62763
28052
1474
249
129
635
147
15441
294
427
308
323
1476
752
95
59
138
421
751
2647
3535
2663
1540
487
993
155
967
311
92
255
113
34
961
985
3325
108
280
8627
3274
66
116
40927
150
427
312
32
2302
298
54
232
1219
1939
210
62
224
89
375
407
161
273
94
85
359
1006
2906
3029
11
629
9134
1400
1194
130
882
1281
780
65
48
98
1047
1263
111
1053
73
1205
96
1528
250
1507
4822
268
33365
274
35708
150
4518
1246
1679
26
252
391
28
33120
18650
38413
149
49407
598
1675
277
202
51
373
258
76
18
140
377
1324
62
467
133
213
230
1018
124
176
42554
258
223
3393
33
99
517
71
161
7382
11162
23502
70
992
554
30
420
5458
526
32172
995
2784
100
9121
5826
398
579
26
29
10467
6460
6121
5626
709
1678
1201
675
83
1011
4602
129
211
413
673
470
2396
6854
356
275
12910
18
2016
4153
1247
21145
1136
167
760
27520
1890
975
221
397
552
227
643
654
79
39290
542
788
930
1462
30
423
52
470
80
4916
242
507
17083
695
610
218
2492
2493
454
395
1505
19511
19
22180
691
37
1412
37
1068
368
42915
308
10393
2149
629
27751
41
3383
14
1427
19
320
155
48
309
28
342
74
25
229
19
49
23
232
19
71
252
249
77
431
337
20
55
11
11
70
18
3715
306
431
208
8711
435
1096
28190
159
41
1671
120
51645
529
11182
940
17130
134
2441
756
170
1974
536
7765
443
87
920
4229
1608
1367
538
44
186
1233
238
6960
16547
19583
246
18
85
6376
12682
10112
52
2123
87
50
1760
2625
610
1156
1879
16407
2523
1538
741
102
333
111
505
882
30978
2090
543
362
21985
136
81
326
187
2335
285
274
419
847
162
195
324
323
166
769
122
280
358
352
198
123
121
186
808
475
233
6633
33954
56
384
5659
1098
257
2913
668
314
197
354
24
120
14
407
81
86
356
534
30922
207
685
160
11
879
467
273
33
39
956
5960
596
224
143
166
553
107
8122
50
68838
7844
434
70
337
61
1235
22
709
2047
613
957
30
856
68
2088
511
28
1042
21
251
26
529
2662
40
15
1784
90
11
59
39552
950
32419
12833
12471
708
1314
1516
453
419
1641
55
94
2559
411
1063
70
7167
3675
245
1181
96
25987
17593
41
462
346
171
32
2708
23932
1184
673
39894
348
675
114
79
224
136
490
322
196
273
3048
89
876
632
39
752
2499
2129
29612
401
544
401
139
229
229
719
36309
637
596
301
43
16
1789
1470
1219
18
227
32728
109
15726
511
29000
48793
3926
340
115
1586
737
407
218
12289
36153
724
8268
2172
95
246
543
505
859
190
2514
295
10
178
1000
356
117
225
128
381
1949
634
1043
92
26
470
1610
138
45
1083
410
75
816
664
144
1272
1402
578
2584
441
92
4588
300
1044
12
5566
1033
1128
307
1311
213
34
79
15
25
2002
1608
54
305
76
406
17055
33
54
1112
697
112
724
283
16
55
549
312
833
887
657
333
7794
89
17
66
180
448
955
502
8939
111
974
70
15565
159
386
477
168
687
166
11
11
223
295
104
254
59
271
344
169
363
15
1581
386
33
719
312
44
664
2446
1914
365
150
57
31
305
2150
516
86
174
89
25
98
76
1957
3592
2196
481
54
930
34972
309
1208
2825
483
1064
45
95
466
2132
1059
537
15097
207
233
175
96
1237
80
2361
795
243
345
909
17605
88
146
21214
132
1101
276
19164
1283
3329
45765
835
998
1715
595
254
113
165
218
321
580
25002
254
513
1428
615
405
642
2873
599
636
867
314
1129
1303
966
45
656
3622
12
1057
2487
201
10453
30
595
3329
75
28
243
7493
848
1927
51721
1044
1505
91
729
113
270
165
22651
744
194
193
3016
556
397
784
219
136
140
105
43
87
416
111
1337
1088
85
50
121
21
974
1001
56
12883
358
239
10888
243
3761
648
828
28435
4478
4712
258
213
51812
136
468
759
14
157
2903
122
385
7878
531
489
17
132
1178
565
3988
9002
199
175
710
17
514
405
35
203
553
1313
469
3438
182
165
10459
7124
34
569
415
675
2057
302
7410
11445
193
603
925
501
90
382
122
539
537
1066
638
311
725
1406
1342
27
806
355
6194
153
906
1022
8019
540
5478
6232
9009
163
10431
627
556
110
1648
1200
132
53
332
65
124
237
272
98
21
166
258
234
779
1236
3113
4537
209
3115
362
18881
15796
273
292
331
232
839
877
2186
639
108
237
243
34
25
167
34679
1069
76
14932
620
181
285
38
402
236
1556
732
12
134
353
862
439
451
152
43
7369
365
17577
5649
5036
38
1858
11233
302
348
359
3697
99
168
1806
351
117
450
1145
615
121
165
398
77
38702
408
764
1370
76
511
57
198
3741
14537
31981
67
17881
4227
319
53
6501
20659
407
24280
428
353
2464
34
151
8294
1036
538
1844
211
5644
8256
4425
31206
38285
994
515
1849
146
63795
1003
273
3332
72
20
89
982
576
255
37146
15280
829
558
323
247
496
47
911
324
1322
730
296
965
5210
558
948
6668
28299
169
21253
7629
17272
93
28
2169
34
20998
170
3016
1316
85
2766
250
715
661
920
523
38
409
5697
443
20
1457
396
2184
3481
982
169
529
696
959
237
1433
20
51422
124
320
101
11753
32
61
425
91
112
110
254
331
158
124
947
256
286
353
338
366
246
298
128
52
185
175
157
362
584
50
342
702
454
379
157
281
701
396
185
145
870
678
378
863
244
112
118
1048
489
9393
400
1082
83
120
403
657
79
687
1010
2790
133
1662
989
266
361
53
123
23
37
557
126
4748
876
888
1321
2482
203
998
1093
455
4818
11347
2536
334
202
866
532
230
520
259
506
640
46
9295
86
38
17263
452
3903
2750
169
64
618
508
559
2899
167
1457
414
84
3107
110
76
271
835
809
136
139
331
46
133
21
3354
9511
3351
735
1694
155
5677
150
58
68
858
26340
21072
933
317
31519
486
267
6044
36
10370
108
836
333
34
583
22190
126
131
11848
1157
88
2002
8685
53015
11
3753
1049
146
186
129
32
32
334
93
23948
28
1030
3020
795
94
2843
4867
81
976
370
205
156
115
2914
247
210
56
59
358
726
1263
431
42
59
16
192
1791
131
13362
27709
436
796
158
785
2569
3569
70
5174
359
1302
1681
2702
5393
201
9058
295
440
206
1002
123
16038
87
236
429
39
1222
573
246
98
1751
321
894
980
944
64260
90
294
15431
1830
1568
950
23
373
190
877
1109
98
75
209
24290
26363
1347
1231
751
42885
337
8168
4105
383
563
105
2437
478
27753
487
1082
1280
3521
162
3598
20546
368
19080
193
338
275
132
5938
1380
1708
754
9619
1234
664
40
6196
6414
128
1194
542
794
87
59050
52
477
12199
166
34
1142
243
16
5532
11951
355
13918
52
7320
446
462
44149
151
190
151
43894
35452
1002
38793
919
841
135
180
9916
506
64
721
1223
23
2189
981
29
4051
23
3829
198
1049
1234
20
611
2298
120
1781
944
1989
853
149
728
499
2037
8407
75
1055
591
4129
24982
680
12494
582
4470
2539
3052
3281
10315
112
214
232
16
64
5300
728
493
546
467
3801
3397
97
1030
4346
350
322
22209
228
30
112
5515
1218
80850
52123
20459
18200
1588
278
123
123
48
142
2175
3118
555
9844
3742
104
396
104
190
6586
607
173
5472
1871
1660
249
121
116
526
495
26
87
242
126
269
59
2729
212
90
78
50
144
608
108
75
39
344
461
13
231
967
1188
5577
24
841
5623
517
1405
370
1246
330
84
106
208
829
348
188
361
34
4880
441
969
911
652
51
20
183
229
1765
8454
591
18
29469
359
234
1101
188
78
116
3168
834
127
27
204
85
1270
2028
552
2619
97
1043
1201
82
2054
2442
3009
1917
3323
2438
593
1310
321
181
477
7420
782
195
1634
98
157
768
17
23
4031
15109
21707
150
413
184
29416
123
207
507
208
3392
7344
33857
982
20
167
12883
81
134
69
545
56107
143
76
22
249
397
1335
2824
119
1547
64704
43
662
2079
203
17
1482
6227
123
225
184
90
4897
112
651
14768
90
3306
1285
12678
1119
133
1363
627
33
1344
2949
201
1738
807
108
220
64
6892
823
1308
323
34443
187
1505
44986
881
864
598
506
2600
463
629
3533
48805
62
677
999
4982
72
287
2236
13384
1820
950
768
5909
135
345
37843
75213
634
38
233
768
907
172
1258
202
176
657
755
2149
202
563
157
2741
36
229
3823
66
27
280
197
293
5131
873
89
384
18936
365
26
157
278
1271
37
168
189
39
237
33
64
794
1202
39
379
863
34
31
194
2354
328
3426
2963
1398
9032
179
56
18162
2768
10276
432
159
384
171
353
227
941
218
340
134
198
1864
248
578
15310
249
15
6653
95
158
11953
17490
420
6004
1248
7416
5941
622
16
813
1504
1314
521
1136
262
239
265
626
780
888
363
32594
68
5247
74
123
355
1847
227
250
16470
916
175
88
10605
312
170
90
365
1901
6970
204
106
101
546
102
15
188
253
73
379
1519
18477
210
698
29
44
176
54
401
123
243
633
585
255
423
116367
602
224
7998
257
523
918
1068
293
669
12145
845
3461
833
607
95
5312
14
10239
262
182
1074
125
9196
18446
2616
4431
116
315
602
10053
133
719
6915
705
1313
103
141
3765
1498
362
63059
1265
190
2208
16412
147
2199
613
380
5848
16547
133
4769
510
131
3806
1829
1717
2576
3400
34
119
148
1081
123
10759
72
85
112
525
811
1217
367
12500
126
2733
1483
75
6100
744
246
740
68
15
928
4794
22
2389
10017
1225
1477
18
2629
441
17
442
703
172
500
706
971
712
860
982
89
918
1293
454
269
73925
76
18953
27
11
28
128
17997
921
5165
566
3094
25422
2640
124
15457
222
2212
1453
246
127
463
373
2812
176
9747
368
308
1712
142
96
27752
742
69959
45
98
1179
246
2730
275
6709
502
38
505
308
993
793
846
466
351
82
70
38
297
152
544
538
103
18
385
346
87384
63
217
438
1743
4033
11264
145
1786
93
7646
81981
17652
3511
57
65
11738
388
1252
2383
187
514
5932
2225
51
549
164
1127
480
772
10
287
2348
170
14
13
301
285
330
43
265
56
104
31
14
36
486
1702
128
35
172
142
333
216
14
267
272
1416
3925
56499
48
318
3543
246
334
158
1072
166
447
12
389
80088
12751
8554
397
12037
8340
3592
1068
133
266
3022
1111
1101
1706
8516
29464
2477
12
89
265
380
483
5419
97
641
346
184
18
273
424
352
4326
2186
351
2688
7528
1816
146
220
227
407
11182
512
741
29134
1093
1961
61
767
447
1050
160
216
116
45
226
317
1491
47026
64192
745
540
150
29194
6939
143
745
158
624
1241
60
7044
1230
251
14530
672
1575
5127
171
189
31096
281
13794
184
61
1457
138
521
1172
2997
34442
16284
847
8631
8707
384
1791
98
148
1044
2396
104
29752
16608
13010
44324
2887
12888
236
275
461
72
234
12
1131
1006
22563
133
604
149
88
215
2072
201
4351
293
14065
191
61
1182
14105
109
30965
169
146
7733
78
2127
12319
2292
1464
254
7930
57824
1484
30054
1132
1312
944
49254
1178
1555
242
452
1097
471
3060
353
1238
4268
937
552
741
2506
1043
1127
2688
428
458
1445
100
13150
329
1113
1526
1473
2911
1020
1988
843
953
386
402
81
821
66
9087
105
422
353
151
115
84
431
238
347
2107
15
6826
49
357
363
38
404
1264
166
8994
1132
3279
75
30088
3344
132
22
74
446
4048
711
1225
3272
479
21
1721
158
750
202
7521
1367
1493
394
150
57202
34351
49
12376
293
62963
53
4116
86037
299
860
147
328
379
689
182
815
304
486
356
36
854
574
3401
234
838
403
570
1986
1431
213
5762
643
963
13
1032
118
99
775
569
435
126
92
61
1578
3766
720
27947
300
15660
1142
5202
249
449
29
4109
670
419
19971
413
269
2550
62
2408
34
159
10753
14410
22
986
3780
1796
2808
2079
11586
206
15775
2179
4025
84
1373
752
10
1521
707
5116
3384
77
2677
2844
30
62
7064
12
48825
15870
287
37
19229
15016
6357
3132
91
15
32146
2113
667
542
1178
22116
136
5901
192
326
791
2754
419
23
49
30
150
2320
1059
283
282
107
634
975
197
109
547
146
492
501
679
7536
380
1348
646
1788
155
1391
252
378
786
19
6933
184
1802
425
715
2578
76
138
96
1546
81
28
95
10217
22150
59
47832
19774
490
425
812
1264
55
12712
874
290
234
37131
7712
23438
337
1297
35
2036
120
320
30
19528
20
336
114
16026
23000
86364
442
9039
10018
13425
253
69678
140
565
79
1476
22945
4700
26479
4483
5410
93
519
1063
306
20
29548
35942
1634
211
908
235
134
243
219
296
141
138
969
48
230
1875
685
12
21751
11656
167
750
228
11961
100
11
271
3993
887
359
150
704
11312
547
3520
907
115
1397
808
698
272
19
1250
46
2334
260
310
77
3260
1810
2389
16419
843
2750
181
16338
1099
1041
319
493
2856
41158
983
13
11867
56
20017
103
10043
20717
1130
591
1054
785
1078
379
1803
88
18109
18756
32415
711
120
237
320
869
150
2697
18
1756
1424
12948
647
40706
22104
10884
211
1303
28282
9919
1123
128
7378
328
93
816
3058
1934
2858
18
665
1079
11884
2528
35713
1180
2820
2138
3753
119
713
154
886
49
273
1525
1528
1080
449
104
773
114
4833
31352
136
196
4325
14553
10770
974
12243
383
312
25568
3992
18963
2169
188
28
681
291
474
135
231
1614
124
306
203
66
5753
1226
524
212
2030
232
2198
783
36
158
96
207
318
45
201
790
173
359
170
592
558
595
1728
212
197
852
627
321
6243
978
3892
23593
55125
234
863
631
79
3178
47
562
1469
2749
1451
95
437
2618
28
1483
4494
343
41
69
57
882
182
390
91
2034
692
49
346
11
738
6115
59
111
11174
5155
7085
11640
500
439
12736
109717
35
641
5609
490
594
40
16
45320
4187
28140
217
230
293
1067
127
957
65
1069
809
69
416
817
306
195
13136
42615
1288
5083
200
832
171
524
497
957
275
23
282
320
104
10
283
802
241
18
19667
2132
24
1138
1323
1590
554
833
343
3152
640
613
154
68112
1473
367
80769
42
395
226
20
9867
121
2568
271
223
12781
484
149
3338
56
356
219
20
311
564
220
479
3636
39597
47791
396
73
606
570
64
326
92
125
455
80
109
458
326
2126
158
165
1307
656
864
1685
2074
94
915
109
209
11
39529
3257
7282
1171
17669
1151
17
423
428
363
288
3042
178
1540
609
2309
4363
1163
1543
4661
2050
2281
1036
1827
189
413
10
57
194
2133
531
888
4683
1775
854
466
492
1006
74
293
1104
654
451
14
605
462
175
164
245
1684
102
625
671
29
113
2429
971
16
644
202
72
273
201
140
40
126
131
58
125
139
46
3124
109
191
2983
55188
95
721
47
18682
666
48
108
132
161
964
62
97
322
3499
5054
108
223
14844
30
20573
332
5802
119
213
47
17
4878
90
673
47
1054
14137
350
709
754
65
442
278
2579
2338
6615
1211
70
13
93
233
239
1249
216
3199
826
1583
15
279
67
742
22423
8895
75
488
277
146
10116
130
771
552
11997
4266
8399
1738
12204
13
122
296
902
178
527
4565
124
53
101
192
1986
170
1220
5898
3449
707
598
27
256
111
52
199
10
191
69
20083
25
905
485
223
7482
378
236
10000
3158
2478
300
65
23334
643
2378
54
397
138
399
162
277
1122
164
5825
4242
17
330
64
110
12
8739
4119
455
2850
3823
6711
2570
3651
124
159
205
594
58040
294
465
10781
441
555
86
659
53
38237
158
2405
1593
3607
1122
11525
374
879
321
14015
26993
38717
110
1516
238
115
37656
396
2642
233
628
258
10
403
44
127
121
326
156
949
300
455
367
57
462
71
499
79
100
279
951
798
672
55858
25
1492
42709
5326
973
1147
863
2750
632
382
787
1899
82
38802
40529
424
97
364
42879
90
6288
43
85
299
55
435
416
726
813
17360
4223
748
34
337
119
344
130
1600
47
5513
160
78
525
315
308
62
16111
148
51
20512
410
157
18
985
190
747
59
128
449
1407
121
4656
1573
23613
6228
751
136
316
8906
102
43
36661
18598
1221
19119
1046
427
17001
99
45
470
18456
676
244
192
110
168
102
170
270
1353
43
53
10192
1185
418
55
98
651
5621
454
38882
99
14662
1861
4060
11
33635
25430
9369
192
5153
598
278
2240
839
3122
5462
217
387
6307
1330
9596
6279
977
163
219
1094
1447
176
809
754
234
12
35
159
69499
2584
465
566
2109
1005
470
673
201
212
148
9285
6095
80798
3166
191
533
521
77
55
2297
1494
1883
219
256
31
1316
126
171
325
799
227
197
1306
74
3169
87
22
175
14
94
159
67
192
2343
270
152
167
113
389
525
351
11
13304
341
829
729
5775
166
323
142
4585
167
1305
2455
20
150
1434
1758
260
952
915
663
46656
51
121
57
139
7134
225
146
140
21418
22073
2923
91
729
10
220
173
481
137
15
1049
70
1051
475
37
698
145
389
6777
2622
134
89
37
4181
523
441
624
6898
13240
29691
191
167
28
540
249
301
200
25583
1268
1468
74
698
18
1236
210
843
206
489
696
770
372
64976
548
791
18732
2823
75
1818
48
783
57467
151
1504
996
261
331
236
2371
110
92
199
88
533
284
188
2279
327
491
249
225
1202
1825
193
127
879
210
640
119
240
127
26
6125
2570
588
267
418
657
1590
98
2794
911
1502
387
2788
828
693
6679
24303
9778
2717
15692
628
9596
17028
728
3314
16035
149
945
285
103
5699
2891
2073
891
2041
166
21
52
1839
488
626
1307
132
98
61
805
34
482
329
42298
9489
25644
164
27384
375
15854
2554
1229
293
1248
591
27
155
2478
199
14968
11025
639
2073
436
18
104
12995
858
197
389
1697
1599
33
2216
328
3819
123
2118
544
4129
1282
226
1918
137
3876
838
874
7767
116
360
990
858
114
678
158
89
954
194
441
109
37
241
237
347
233
461
1828
1395
172
357
307
246
395
101
20
429
54
22856
5712
1936
72211
18469
21017
418
107
17
2502
525
1991
1722
1672
6899
46
136
392
583
661
166
31
69
859
153
419
133
2162
90
450
651
287
225
168
786
536
223
1031
1155
33
7234
105463
1781
88116
101
120
33
54
378
415
1460
123
863
1171
589
32
8665
3866
1968
67732
98
1479
135
31
28929
126
40522
46256
221
266
66
68
84
1518
63
112
88
74
373
100
112
505
2324
288
254
1017
637
43122
2598
2128
1627
147
623
3762
38955
433
33433
73
18625
448
754
20333
88
395
193
2050
2658
98
408
248
93
178
284
63
208
15733
262
262
56
23
748
1776
30924
292
1423
1365
43565
838
2046
203
5393
461
103
1068
791
241
1614
213
603
36
56
117
47
543
250
101
1585
1049
36634
66
29
121
536
231
379
284
667
738
1747
102
6623
3289
487
2031
1504
1595
156
653
126
3857
44
35677
571
42
81
3233
3391
6280
187
79
1618
1862
264
3508
2277
136
155
214
7176
1030
11
164
8806
10932
193
997
1007
592
381
207
72
129
271
2683
273
85
33
16
350
12191
13724
110
413
404
359
212
248
1184
62
2147
1044
2766
71
517
237
2048
735
3702
2585
217
43
34
286
442
29541
2547
725
174
225
11
10
152
378
1306
106
566
522
1469
66
6805
700
1590
796
223
186
478
948
69
18057
105
1124
9098
12500
251
27727
15821
278
76
95
253
4014
1567
1126
188
407
562
512
373
2019
491
6646
630
333
17854
190
360
106
221
46
93
104
1237
264
7385
2683
483
1316
43
364
26005
1229
4563
32911
13478
354
107
5139
197
117
109
367
989
100
56
48879
1151
940
748
11944
178
174
433
1387
1181
11447
4510
8010
11560
59
283
41
312
293
24474
516
1315
280
1718
1801
2512
592
5506
252
4617
896
13174
61
222
22452
16819
159
80
15807
148
354
33791
9538
132
9272
119
959
282
493
226
122
91
2273
198
313
384
25
61
426
69
229
2318
322
149
212
4695
11693
13745
352
81
168
131
1362
113
21233
523
10157
11
558
219
277
1074
596
196
274
1822
209
3666
169
526
276
107
338
679
2147
123
97
23
7071
1060
432
2042
786
3284
96
164
21789
35
233
245
143
1867
257
75
258
469
19
54
8457
26816
706
626
847
1586
26
217
24
149
60
362
378
216
428
976
1434
33470
592
188
118
203
15
11253
74
146087
1276
192
1341
7135
29987
89886
48461
61
1583
141
116
266
93
20
1030
8368
1669
542
905
1287
116
234
17
356
415
1069
3759
388
31
195
2992
263
286
4823
2441
467
859
117
72
236
305
112
661
149
48692
492
17
644
1879
28
435
818
41
333
345
25109
19002
574
25726
115378
110
6790
62
103
9888
2375
18615
380
80
521
130
44
65
27
21
284
26215
266
206
198
12871
1114
23166
754
916
62
2266
7556
923
2152
378
581
8921
919
247
55
580
336
105
6756
216
59
6103
814
608
200
582
373
15
938
131
21
40
96
319
103
412
300
443
187
58
162
34850
779
526
4510
191
3047
204
26
2013
8554
402
4439
233
10761
21
1148
766
381
116
119
18960
31
336
104
190
16
87
823
105
10662
315
167
10
13
16
383
82
426
905
3329
2512
126
85
93
1147
7567
745
629
135
1606
596
1240
42
183
373
176
16
1263
472
179
48
15
958
9767
16432
17037
92
1351
95
19142
788
140
2405
2319
421
17641
612
108
8283
357
7371
1034
8715
11538
1975
395
24192
40
1382
542
21
257
73
201
733
1786
213
27
405
89
19006
7031
537
341
1922
6586
846
151
43
939
839
247
2302
23
4112
183
677
18426
90
337
861
78
104
555
471
126
425
6435
74
14265
2675
1380
337
38202
38532
1940
4204
468
4718
562
3383
3669
8122
3063
3310
10351
36
20374
5245
114
20
787
35633
32567
873
18596
988
442
249
127
5955
113
557
456
557
99377
228
143
114
250
403
100
16758
193
93
193
155
2277
2110
663
117
38
2994
1881
3994
24
552
635
426
19565
350
1333
692
66
176
181
27
397
87
53568
12100
88
172
189
25735
93
98
16906
254
631
2958
12
375
346
337
23549
999
17147
9940
112
96
1130
2544
6536
47311
1515
29824
5161
251
26
174
10
663
1526
6887
62
339
712
73
17
3475
7442
1679
5288
1033
18921
2156
4327
16306
246
3848
2722
510
353
48832
92
1371
12028
25068
73
338
141
1087
405
288
978
617
116
447
15
180
3482
232
52681
51
560
14479
369
342
1344
28
624
781
495
194
169
1116
995
152
7438
963
251
787
8381
47991
80
282
87822
14199
243
193
1890
14
822
1083
666
1928
161
50
247
257
63
435
120
1487
42
1349
198
378
42
99
301
703
114
173
96
46
536
800
401
192
566
726
172
12
2871
391
25
571
2860
836
1481
1727
3553
377
11320
418
14
11
24
2167
179
2054
1534
201
11
5506
2969
181
336
469
527
94
238
305
183
99
8053
5334
154
8206
10
12
386
704
135
1924
2202
161
219
153
15
519
647
167
13
32
55
76
399
494
16878
22
188
4984
223
16115
1036
519
240
96
949
79
651
2566
247
8037
2222
703
65
188
253
748
4523
239
536
81
661
17332
3112
58
13814
538
11385
254
72
131
118
19742
5694
292
1074
2611
805
1346
69
1316
577
225
240
554
1146
81
882
471
225
5687
2478
11733
318
33906
791
198
42
213
6352
636
150
293
7801
64
170
19809
233
479
686
1782
12043
9174
13125
26
256
922
90
91
39304
181
2554
696
27
27459
5886
76
181
488
54
135
1058
37
15
1010
1055
90
4724
637
20
21
3302
1956
68
78
210
184
152
316
960
288
6937
1022
1824
14
37
250
33
3133
1506
25
1220
3899
27
77
150
170
56
45947
213
1645
1089
726
10419
316
509
433
14
1470
642
1187
8656
252
763
15222
19117
7062
500
633
703
163
16265
82
1681
1794
27
477
282
235
2869
122
35367
228
92
1492
117
765
1201
909
521
948
222
296
296
233
2970
205
107
1412
127
263
362
615
461
549
123
230
12383
236
36905
21198
1807
236
77
7022
8161
1109
102
859
454
966
244
23
18
11
141
85
2786
256
48
47598
22071
224
1503
824
3266
1699
1167
1447
18599
920
192
216
3564
104
2164
132
105
19
110
209
705
375
39345
1043
9825
632
3963
464
52
1408
28019
80
27195
64895
24606
157
91
642
180
9048
1665
2212
161
199
698
800
16611
56478
1497
555
2181
36
102
1839
898
2113
690
1056
545
1533
70
716
328
195
9109
731
258
612
907
74
527
45868
622
120
1020
8797
140
238
33230
123
311
511
3710
19598
1951
1960
3944
4893
2797
1975
399
253
602
24930
5036
1723
4797
514
1013
241
42
1455
307
494
298
77
602
10
285
46383
413
53
290
69827
227
22897
2722
2500
41
2092
186
100
120
14076
10612
278
89
1484
1170
23709
3828
1579
14
3127
1270
334
1275
1373
13439
305
580
26422
1135
727
19254
284
33192
623
1603
789
6868
2342
8570
130
67
14
309
53858
145
18862
297
1604
151
1701
37
232
813
1332
438
105
162
4867
185
682
471
323
4664
71
100
63
311
443
11106
50
1193
4491
434
304
192
1026
3062
374
355
295
125
124
257
257
18
260
2369
3426
12935
12
150
682
34122
187
183
463
140
301
578
100
1473
34676
291
968
1715
5210
1628
28037
73430
1220
2373
220
3617
15
324
275
10064
753
25
197
3830
3843
12756
443
2847
1142
5077
470
1955
3525
88946
6322
6415
178
272
133
19656
30489
1112
4407
1585
1409
285
7649
81
350
52
2260
37080
402
18141
573
845
1337
22384
759
333
6460
2718
747
920
344
51498
747
2922
1246
84
403
315
33954
45737
583
1424
153
154
6307
22192
10
467
3901
7122
1666
513
749
23
435
72464
16677
4928
21017
14482
157
67
28186
212
36369
746
11641
10902
159
291
5944
459
4229
5988
309
46
848
484
5190
11
6090
201
49
1263
58
553
88
18851
117
166
10583
375
57118
242
334
25
41
176
333
206
135
56
94
362
227
208
203
10980
21629
16035
777
24
48
157
502
1464
5130
192
208
690
6574
280
300
75
27895
272
1484
3740
889
866
21952
197
1500
13
22
8155
148
2325
222
70
89
19
520
19
403
2434
1594
45
59
32020
70
3621
19
12745
12219
32883
342
37
5137
445
257
1536
8173
4617
186
245
218
21029
18
68
110
1266
697
893
712
30
91
145
5996
11105
205
9309
509
13919
266
311
60
6833
239
323
1339
3240
120
1152
4740
47
930
444
219
1369
16099
702
106
8225
79
11642
1886
688
3747
5041
858
292
104
152
20500
11614
1394
627
21308
2455
713
370
806
221
436
105
131
308
10
133
25
753
1606
45
25239
195
538
1520
594
727
1560
1910
345
2213
344
650
1286
1851
1278
3960
116
152
545
272
67
43
71
1573
83
56
208
219
36
1022
119
1819
15900
32
9857
147
124
572
7078
3338
1175
86
283
210
65
74
28
29192
2405
3166
1500
21671
11251
41916
181
10162
552
1117
212
223
735
2323
16947
14
1279
3873
7218
40
37
427
1221
2522
1065
404
227
126
163
830
72
636
113
749
771
649
354
1359
370
9135
189
471
162
253
243
5099
307
203
2407
27
15699
25719
3462
65
1210
321
604
1800
652
926
444
247
1304
3832
9401
40977
1896
155
1008
1522
37
816
96
4077
19
652
121
2532
976
815
360
108
122
696
2949
449
9758
24569
4299
5491
83
231
2902
342
142
74
63
358
2210
246
255
599
326
2818
242
311
42
463
1123
269
1667
118
2280
1100
564
985
18
8873
2728
6235
10287
26002
972
14823
126
355
8353
553
152
984
5840
305
90
289
61
123
208
46
1161
1037
716
10387
207
14
289
127
16
36
331
72
266
60
503
3099
16
3463
29392
5842
11
1864
70
398
1063
1725
165
9624
58
55504
269
849
11689
11335
133
58
94
20476
152
162
782
45002
147
521
1116
628
478
7962
208
117
1109
88
171
33
80
686
21857
44134
60
977
815
246
12
432
2447
474
97
84
1198
806
392
6397
227
8960
12074
2448
55
354
128
23004
4154
2926
2441
1122
57
1069
23
164
11
4296
138
92
36
505
1146
5386
2791
1033
422
1193
463
245
372
564
943
60165
3309
245
35651
395
581
133
512
1500
386
197
12270
56
284
78
192
19226
178
15
269
22525
3947
10823
1153
100
6327
403
7994
72
70
133
516
5774
875
1287
125
189
464
135
11
10705
75
99
12581
151
2121
186
31872
48
115
29
24
1165
4796
9601
692
959
104
24
1754
287
169
1173
5217
197
675
1044
83
19570
2077
7581
8479
74
766
11811
377
244
737
633
318
1407
545
117
129
1162
88
32717
715
11694
369
113
123
456
56897
936
1376
31243
106
589
91
47
103
184
271
225
520
3181
897
56
2179
146
6968
1399
3806
928
555
2336
4419
2384
1275
234
4591
1661
34
7642
36
375
122
300
768
7728
5002
178
3283
142
140
146
685
236
146
325
689
282
19
3527
2496
55
5983
33
721
324
512
2228
1955
6033
310
4052
63
755
310
998
1093
55
84
473
879
441
797
1383
694
68
275
32187
4527
445
60
87
349
853
49
100
892
1366
2821
3887
2227
186
189
17819
7229
466
118
15
176
47839
4196
256
4594
2676
326
338
417
908
13
105
33
6852
59
1798
234
140
279
87
217
1025
12780
1043
167
133
2350
1199
1702
11888
2270
14379
407
773
377
398
156
7317
1692
428
1120
98
45
21202
20
1269
21006
19842
11782
101
901
3594
103
243
32
1623
1707
3339
8179
11626
4335
1165
64096
625
59481
1264
855
1044
296
41
97
343
567
26946
633
715
305
25
129
85
299
856
179
139
22534
282
259
754
612
40
767
120
151
65
8812
22717
1959
351
1425
433
423
692
306
480
194
52
3289
1425
93
3060
711
2794
3114
1275
30068
252
10787
19779
160
269
1647
883
63
1945
9426
1787
61301
229
70
350
4124
190
6345
2099
19670
49396
857
41
481
160
228
207
42
292
96
445
105
675
760
1303
4374
12
279
5726
320
1474
3810
79
299
141
172
351
1483
13
397
805
119
107
133
96
253
128
360
12762
9678
566
7035
36323
60
1474
231
3684
846
191
2910
17
188
1423
1333
247
21
1759
490
45
236
1695
48
321
918
141
914
11
3079
158
254
494
1255
225
130
1410
421
2956
50
104
33
70
123
36
86
11
11
116
1771
1998
3352
26
56
2144
106
95
461
804
36
13
281
468
18
856
555
49
127
412
265
37
17530
22
2187
24756
297
205
903
246
1002
125
1348
1784
920
227
112
299
65
873
216
996
487
2181
520
767
5531
148
333
154
21175
484
350
289
842
8614
367
1909
797
1474
165
133
1748
620
668
661
583
12739
6314
216
84
391
245
657
134
190
4325
1544
1564
312
270
36
36
74
300
247
118232
222
124
99
4717
13
24584
696
109
132
2997
129
481
674
288
37
537
17
1934
475
553
90
1053
1279
47
530
120
47776
589
313
21131
1085
380
2615
2324
556
159
859
9677
1362
42
410
68
2812
45
192
6353
1045
418
744
958
29999
137
40
19
54774
854
21307
1173
227
5516
1284
2977
859
658
1172
1278
10778
105
109
80
109
40
410
18311
1873
1593
1839
18259
650
1706
521
38115
336
10226
267
64
60
53
98
237
392
46
126
125
427
490
3127
183
79
125
332
34056
212
34
1634
17027
167
86
34172
4577
18232
1551
40
3504
1248
9530
33
447
94
607
88
719
145
914
294
20
67
109
53
118
318
184
208
10882
35
8954
1207
1445
1786
508
245
6900
390
1062
144
1403
6891
70
11814
138
20401
231
386
422
38062
478
25005
198
29750
371
29780
1052
1663
104
120
86
101
497
527
44
483
81329
795
71
1464
1182
453
236
116
725
1528
486
3815
901
172
316
144
2894
1032
507
2828
689
82
622
15072
8918
491
11693
47
258
35
204
858
16
168
191
38
3552
116
345
24
64
160
416
300
1195
906
22102
306
353
625
82
969
144
51
65
73
665
507
202
91
360
1276
1347
22342
1553
1454
192
24112
1781
310
278
754
4408
1691
335
516
101
7041
101
410
9577
284
397
22843
19479
36
3103
2758
78
215
161
573
120
308
1125
5334
838
465
1496
5830
28948
740
58
537
1639
1456
360
1765
1019
1027
279
140
345
548
610
58304
26466
829
4998
72
183
74979
312
378
500
61
16887
1912
44
110
548
104
3894
6965
130
661
183
160
878
189
749
307
756
30600
401
1804
113
259
48
184
2841
283
261
721
307
3022
15
2997
259
80
1015
7505
62
275
19618
21315
26
15671
101
4612
117
2495
506
6290
221
259
7768
13
53
1747
165
2297
3913
3477
8175
9313
18843
28794
93
604
1144
161
339
394
1665
542
38
2951
513
88
90
594
30
276
202
170
123
2125
299
82
170
199
1212
893
215
147
460
58
5335
740
3516
292
58841
776
664
164
22128
1143
4572
479
1785
237
791
268
27
11
65270
760
263
28
35703
9743
439
17421
16060
433
188
296
20
351
540
388
224
17481
720
52
115
655
60
747
27
4361
57
2437
9641
160
1441
29021
252
3325
111
111
268
951
107
1492
422
103
806
14646
705
39
51
63
13
375
296
740
107
79
203
762
462
847
921
19
1198
1720
84
84
4585
807
693
662
383
337
242
107
118
1300
1216
24
411
1279
1556
4468
256
1131
540
383
342
847
1166
24451
147
75
84
114
287
320
24843
12911
16969
837
774
12426
58
381
731
57592
33
246
4855
2828
333
309
501
177
2800
567
308
96
29
2739
160
448
18
11
889
77
3887
200
97
99
178
223
202
337
981
4407
73
260
95
610
16079
396
26
281
217
283
331
31
351
358
28
245
268
50
221
75
1779
478
3097
83
4995
1245
15
300
207
381
748
631
308
342
14
699
227
933
156
110826
11
181
133
11
34
823
627
651
417
22
545
246
149
278
672
382
16
1178
105
350
42601
374
8383
603
32
235
471
253
49647
104
446
1978
5660
29979
652
2147
9850
927
142
719
336
612
7588
35
137
20
169
20040
484
636
221
1492
1314
32194
187
20382
1138
129
4653
79
122
12
5054
1107
149
2038
5130
27
12
73
321
404
640
61876
876
899
6973
9420
664
753
2947
210
15181
8018
35
60976
138
272
20
1067
36
194
423
88007
2257
43300
525
101259
255
655
3118
1601
30
19
317
110
27714
8913
2105
395
491
229
123
101
13579
6641
3882
324
808
612
1811
631
35
73
167
1226
696
197
179
527
51
4534
1122
8476
218
106
438
1074
5277
83
10660
1144
651
7588
2295
2145
8714
234
21
4749
509
25
3833
942
156
2079
3617
4586
6934
18183
183
21522
1392
352
64
94
710
13375
7318
4840
339
766
328
1319
403
1128
331
9912
189
606
441
16
121
78
72870
19
89
730
186
682
34942
2240
2869
218
2176
281
1012
2443
542
25
245
1254
63
175
192
848
1203
434
1247
13
260
48
61
10147
726
1286
174
668
86
1300
683
27
688
159
171
352
1414
66
608
1536
622
167
348
11727
82
1141
355
145
259
4580
685
64
1391
58
57
280
985
1887
98
18
50
434
1251
3186
541
1284
218
4149
37628
1218
15040
229
16057
19569
660
55
763
148
18
15051
8890
72
48076
58
274
115
584
13716
578
6359
4726
810
159
160
397
424
162
113
676
529
464
3502
64
1350
124
184
97
647
163
1995
477
351
1153
31204
13126
523
54845
148
99
1813
1202
6840
1146
93
172
10272
1020
334
378
454
141
919
229
62
289
955
1151
476
364
458
89
2827
974
2053
1100
175
102
1705
161
999
230
749
2080
1006
49
826
632
83
155
188
357
2221
630
504
1766
137
451
650
143
549
407
4506
13522
26514
968
21950
1753
1787
81130
7420
62039
791
11
2447
10
888
15
59
628
10002
26517
33083
77
564
37
94
325
285
14901
10378
398
277
98
128
565
184
51
107
673
1208
4525
12766
128
37
924
1494
27
3690
3908
105
636
669
423
860
85
138
145
582
943
2087
845
1951
226
426
1548
468
8644
1212
677
1235
139
415
517
72
3876
420
557
563
67
1382
1008
2132
166
484
314
297
644
157
841
495
742
180
1184
370
785
1312
2344
4067
1436
388
648
72
73
80
2316
281
458
90
10
425
118
44
137
295
1124
232
36
433
46
769
391
547
188
572
448
504
239
218
259
1016
3602
771
12554
40
855
10724
811
34
30
174
198
73
175
388
106
383
313
107
137
100
6030
1117
75
825
890
614
386
472
7146
6285
26226
54
930
13326
240
281
18
1154
333
801
1480
456
548
7958
175
578
96
1007
2776
545
2913
6592
1117
21453
618
327
1332
15121
26139
120
780
36947
3622
31973
878
275
115
459
134
76
193
289
12
2479
1256
79
1173
354
130
676
1881
2224
3722
8153
2019
10598
1612
307
1235
10718
3699
14659
547
3617
61
12372
6712
245
666
20883
5537
15608
20579
572
21793
242
393
5260
70
1392
5359
10022
1187
436
88
100
271
323
69
80
420
165
429
287
85
57
217
29
3839
1372
69
61
91
1015
512
2075
258
691
2506
903
177
32
27
54
350
11
98
170
146
931
329
16821
16
127
375
191
3816
1059
4447
277
154
38
5353
579
12137
1158
136
537
2023
34481
911
19939
12
1744
362
312
2631
1587
2136
162
3037
22491
292
5883
464
404
24
394
23
293
1304
58
29
986
68060
938
277
223
24
115
146
445
933
9513
18981
63
580
27
9758
127
2181
2060
104
216
105
53
131
226
205
205
739
2582
341
5295
89
1995
5502
494
897
4122
422
179
5192
1051
1597
1469
14410
242
22737
5838
23
773
52
11
627
56
167
215
532
3809
311
287
9640
7297
4603
359
44
413
941
253
578
414
165
283
719
1870
927
98
2223
485
167
834
1962
13380
52
687
5634
725
67
11
1075
2155
1621
13133
614
470
15
5822
1155
41
259
4582
1455
649
34459
805
2511
509
989
161
444
116
599
2058
47
2821
3925
90
1309
16789
4687
112
6684
277
4634
116
2934
904
224
2405
2357
69
7094
43
5860
10458
1103
276
1686
1306
854
193
705
644
288
845
3636
269
24
8360
367
968
1596
7432
24
569
512
4571
403
208
27301
1045
217
203
436
394
84
505
307
1674
299
1015
535
76
2405
263
507
270
226
17109
17121
299
13345
36
2442
49
5251
71
9321
52803
450
10012
256
2829
168
16266
67
7295
4225
5018
11039
101
342
177
655
496
8691
232
635
8655
51
58
641
618
42127
6381
4606
124
11079
440
2466
92
335
679
19
578
1978
52
37
12
86
108
198
2059
149
547
212
20255
15
200
8581
2545
869
43
18105
5564
688
16103
36619
438
15856
34575
35
140
6886
8707
41629
831
41320
14
408
22865
70095
79
683
3497
162
413
4986
11096
17795
167
697
2442
256
39
104
71
1027
73
5314
16
130
8996
8032
12308
79
36111
1622
109
64
1614
1088
1133
161
51
4968
209
247
11
34
57
2189
1450
6691
1743
1247
43032
43181
163
2127
300
1046
12320
207
951
431
81
240
149
34210
45
172
10
138
285
202
350
86
11608
1126
136
384
95
5559
148
88
233
350
15140
25030
5797
6843
3590
670
489
291
12664
4027
37024
296
1438
335
27193
3207
80
2743
667
1566
1319
29
333
345
234
223
119
73
65
1141
4542
2391
2147
1876
163
686
1559
1420
214
26034
34
40
287
2385
114
34
1357
4198
69
1397
5756
53065
364
1202
9364
683
11348
207
43
136
485
34617
134
440
387
94
282
124
55
73
279
25
620
183
197
261
858
153
209
46
135
653
1670
146
1647
248
3697
601
1007
228
13
241
145
53
405
231
328
3398
1716
13967
726
153
43
115
203
235
51
1458
3134
889
63
739
528
101
159
283
67
319
109
103
229
167
44
501
438
595
113
10
127
223
509
192
174
137
863
527
274
64
1320
2507
333
325
144
174
86
221
754
3799
729
581
154
1121
521
1252
204
561
1542
10
157
31374
83
355
524
634
160
186
268
83
478
472
521
147
410
133
255
22
140
183
642
286
75
143
2400
1671
64
79
571
7572
305
7510
781
1155
210
230
195
458
419
470
707
234
99
479
13894
327
994
397
598
559
40
401
480
710
150
125
7228
1285
25427
1113
4753
53
373
17
365
373
22697
75
91
595
165
2444
759
350
344
68
12
79
351
1973
54
523
1524
1234
7858
734
172
682
788
593
4414
248
723
32216
931
40338
66
17
130
138
1648
70
144
3068
1079
17
17
19
20
171
265
223
60
534
439
8172
893
31
32798
348
862
1508
402
66
818
17817
123
1849
156
1274
227
870
552
582
66591
7438
2785
208
93
160
535
1068
1341
333
506
20679
891
165
1136
119
1441
19112
602
34
159
139
1156
63
200
90
34
49
31
31
60
39
594
1772
56
283
43
178
67
97
50
184
708
4629
238
277
119
906
21
262
135
11204
20251
209
218
303
89
598
198
1402
353
441
105
209
6465
69
6094
53
166
184
142
25
622
280
428
1776
112
151
537
134
589
4945
37
258
682
2801
51
3372
155
55
311
39
779
15449
13634
627
58858
1614
4035
285
115
525
1366
1351
246
7358
18
212
8965
579
30779
89
690
1059
3600
11
75
101
26767
75
327
44
490
8069
1276
43027
681
1538
15960
356
11548
24305
22803
262
227
4280
7143
1132
566
215
16819
1414
488
78
209
4407
156
4330
1488
170
5832
2783
18
607
259
20
221
984
55567
418
10590
521
468
35404
34696
2454
1542
132
108
5775
92
1715
48
253
791
581
27169
154
4695
1576
2432
218
1052
1797
937
580
693
939
119
1733
168
95
1713
319
36
22
655
267
1426
624
7010
116539
1857
574
21012
1137
4015
20110
21283
160
252
499
350
17198
186
839
4571
4529
50408
25779
545
69
3203
80
1049
2118
37
157
3526
11418
1377
76
255
101
35684
114
730
328
88
124
161
169
546
1210
2757
1111
1953
2982
525
2019
1275
155
354
3591
996
314
694
1593
655
370
3157
1644
61
1226
5187
14035
70
753
15046
6483
175
1557
16784
131
746
2534
874
2110
1843
2870
28
387
1911
157
1134
2289
1653
75
1429
1002
1201
259
103
1503
428
1201
1767
3254
18
594
273
960
47159
12314
503
108
159
8233
158
13117
5050
1374
1566
733
32
589
133
101
437
102
365
2067
6037
14398
4916
296
213
323
1810
17904
33993
703
805
47
1689
28
1564
987
20416
2765
139
1082
1271
219
1706
41
43
41
18435
373
140
13015
1465
292
482
190
356
5615
789
679
23251
2363
175
159
14247
655
1498
649
3695
1406
329
80414
2162
3863
139
29264
735
303
601
710
3617
209
13
1522
402
186
629
2160
3806
1447
27183
331
1541
487
9685
1846
1328
3699
274
496
5551
1334
836
1756
4795
63043
116
601
569
990
1232
188
2426
314
900
520
629
12
100
211
1852
1795
5427
225
482
26
226
11
175
311
13587
4206
164
715
677
475
743
215
644
1494
626
216
38367
814
606
13654
7417
162
367
8851
104
542
254
122
130
1091
160
249
172
30
2305
10647
700
4245
1255
584
114
240
123
94
264
400
197
235
224
226
12
322
254
19844
35337
104
128
110
155
23
298
1549
331
245
10
227
435
594
73
278
614
10533
691
381
397
473
250
181
25111
80
12
10227
78
49719
75
7959
237
14401
326
741
12999
98
103
579
198
1443
465
115941
35794
24259
1073
544
160
12874
2356
1182
241
7674
10454
9820
8947
25844
11664
243
127
38
26240
740
80
2004
210
910
249
219
1031
355
240
119
20
328
1066
425
631
85
2120
647
97
326
441
366
242
784
40
85
153
86
2915
245
1119
801
584
106
217
2057
84
71840
31591
27175
66264
255
27733
110
7012
77
1535
89
744
1359
113
283
429
25
394
552
264
30
843
428
968
1593
18
4840
3783
365
70
773
14
2849
169
155
843
475
949
1332
33
12
252
776
5998
22813
362
55
1252
150
1065
871
1251
406
1752
640
3036
1999
96
2977
556
1386
1196
1364
1003
461
6987
585
902
332
10
78
373
518
36366
197
15058
629
1494
11
1067
998
7079
121
452
1961
89
261
797
1184
625
78
26995
3522
88
270
603
322
67
469
17800
5094
424
444
62981
16990
16702
685
160
100
3147
165
23073
280
53
2383
1246
1244
1231
632
1606
344
207
24358
17190
1796
2404
300
9131
17613
8808
65
604
1139
3266
183
447
1997
4291
390
4868
304
388
1407
754
74
1625
3287
45
2073
379
4090
206
13
2129
1755
20195
33
521
455
61117
31220
743
217
269
45
90
573
315
424
2225
258
31411
222
11
289
224
31
98
931
286
254
3058
25
6553
3659
503
619
1007
42541
1702
101
53
31330
642
50145
1100
47
123
453
10444
95
244
66486
59
580
217
7879
6453
297
52411
88
112
347
560
272
52
353
2858
1232
8170
2954
554
118
338
3308
61747
2602
1005
2315
1228
345
8866
34
3102
491
4662
295
38
783
214
70
324
268
4806
2437
216
656
42
240
949
1143
1598
276
382
53861
476
90
5225
93
299
5038
9260
589
13884
13861
123
657
3974
42017
1317
2797
169
2332
9398
40930
60
5444
101
2236
794
138
217
125
715
18
14
1600
149
1363
206
3004
369
1291
2341
19288
27
4495
816
25
14
238
209
105
172
95
175
59
94
323
67
490
914
937
464
1434
10
2619
88
408
1070
2126
733
1634
5717
603
172
58
640
41
293
1688
115
31
56
549
217
37044
202
844
24982
665
2111
487
123
22627
327
21
12
273
18
210
2273
20127
292
929
270
6876
29554
45169
19559
8238
261
113
96
18524
2164
92
317
105
293
281
143
1020
217
592
16
79
218
375
1243
119
132
293
563
225
1243
122
424
389
763
81
349
5036
338
1661
138
4321
10533
26078
474
38324
32
16664
6317
169
356
86
643
431
150
31
156
283
12
1739
150
380
225
165
87
535
1108
147
207
385
201
213
973
1203
31
196
353
490
105
312
1726
1765
245
68
443
7266
11
325
478
760
187
169
1086
77
16533
5287
925
459
1028
9668
197
28
720
2158
7181
3649
3111
251
10075
77
1782
359
207
141
31
12
977
91
291
1018
325
287
351
12178
352
77
145
33
14727
379
10526
5037
632
14413
1063
114
1192
612
406
641
618
563
8509
45
63
17955
2309
169
2935
1201
22
798
270
1331
1393
264
72
324
3297
744
168
162
704
1391
5591
3296
248
64
6323
438
155
524
23777
173
3160
296
284
169
2071
5956
34986
28801
1598
322
21592
1228
233
36
1626
35
621
5811
4753
7761
458
438
85
646
433
607
324
16939
1016
13
1069
1572
414
582
792
639
603
1448
1204
103
76
101
138
20434
841
324
192
1522
1048
1261
606
225
361
3471
334
293
72
1242
109
266
14734
956
4185
1170
632
90
526
599
1349
598
3775
1402
99
201
277
104
95
243
378
988
1190
118
81
269
10
15326
505
12104
796
5968
6559
2927
7459
3830
46
18
81
49
276
10
18
15
24694
498
458
803
330
60
389
1168
199
1243
167
336
1240
125
3541
3359
824
10
704
6416
9966
6850
1623
585
17405
699
6923
14
83910
1693
32468
636
670
2904
1879
837
7746
1585
325
976
1906
366
1341
2177
1427
74
311
33
739
30319
25891
1129
951
60701
16579
576
46
406
40701
21589
386
176
1426
63380
11
1276
534
170
119
158
248
48
566
341
10
165
98
59
330
800
222
31
313
101
4376
58
77
6362
14
632
5730
9959
119
772
621
112
1245
9609
15844
511
803
598
475
124
628
4859
1281
36
158
3502
91
767
1279
211
844
354
188
109
707
593
69505
1521
7578
10922
2130
95
16
378
208
1001
157
124
7175
1145
2436
812
1597
833
15428
96
42230
197
1188
11771
179
567
1301
41875
10407
260
368
2831
306
371
711
5329
2151
273
1307
4993
49
265
185
1838
15302
712
718
1624
3518
119
361
658
464
1078
223
812
15574
21167
201
64
143
540
1807
389
68
14220
1300
3931
18
91
1388
62
267
914
451
1007
13
362
242
2131
3593
186
522
7625
52
76363
157
7337
19
717
42
30960
131
132
10
12
73
38
326
47
200
350
1385
113
38
90
553
249
967
132
693
32
107
115
1185
1674
96632
330
11451
48413
19870
989
948
450
12191
10307
37834
16429
703
95
74
56259
960
2838
374
1303
3912
27942
835
118
27
468
1863
198
292
37
12445
1595
6727
2239
266
754
232
1244
6028
424
69
2836
152
60
175
1293
1801
55
2061
72128
45340
74
381
17
1595
14999
64
164
388
88
543
321
137
135
2998
180
9442
565
8192
3883
434
383
43
1416
64
58926
305
232
18026
94
7141
44673
262
361
16187
1179
96
1122
28
309
1621
313
12768
1389
1893
4657
388
13
455
245
270
909
3099
689
391
233
1675
291
12
7426
466
901
224
13570
26502
353
561
282
423
1998
176
28
4962
581
672
45
1089
280
1257
1253
1261
77861
48
283
10
36654
306
90
107
594
19835
9631
381
1465
234
202
2307
23315
5840
572
396
2014
562
3477
136
257
99
141
8362
5589
619
36
92
240
844
2141
51
363
14
1209
373
2523
36053
964
1813
1166
318
121
428
414
79
146
82
170
953
1244
75
1495
31419
50
95
462
262
249
224
425
9894
79
25198
18065
226
176
910
2839
89
22
331
72
167
258
2157
21986
2147
1846
2616
507
12317
221
19985
43
622
63
170
771
2806
90
1412
889
12831
45828
67905
3450
258
163
45
111
829
51
3131
3181
229
2826
657
16
858
55
2904
1159
22564
1592
17
3386
574
4468
2604
707
11
36
168
236
4159
228
255
839
223
333
146
254
5401
1169
543
522
10
12
149
103
126
546
6968
589
13119
578
34
180
420
1713
2160
492
15307
695
202
112
14928
343
164
1045
277
192
95
1627
2452
23968
247
2781
888
1753
173
3653
6104
12615
14547
3542
21328
57190
6825
578
76
43304
20944
45262
31
213
72
199
17
583
917
389
12046
135
195
10
21
158
71
216
92
311
853
113
1035
1419
2415
280
3163
3277
55217
50729
1565
43102
246
535
470
122
1183
575
265
1015
186
8804
15210
1896
184
347
132
442
9505
524
2822
96
16413
829
42
446
263
24
122
234
75
60264
7932
384
188
20
204
675
17
831
14066
14
16119
858
6678
4551
3202
1041
1980
625
19
280
370
94
988
68
2241
170
5058
1704
1513
3108
440
260
144
598
5610
303
493
989
7719
392
682
38
618
1226
359
1145
907
408
52
113
362
2696
1819
2838
385
10643
320
451
8806
525
65
876
1805
136
427
1563
2096
398
93
361
22362
679
199
1346
333
325
324
42
1609
3111
102
10236
6590
467
7679
137
1064
1271
77
433
13865
407
8419
353
3867
90
178
1875
17
143
456
32
921
25
2171
440
38
94
64
52
178
41
100
64
23
586
1361
751
544
75
379
804
90
1260
3385
143
152
380
125
101
1065
838
754
1029
67
3448
1396
196
173
17750
58
16
354
292
158
14
135
62
286
1454
267
2015
20629
40323
32
85
2981
60
256
10785
520
111
7415
151
495
107
113
652
379
4979
10
1625
121
856
1212
134
13
833
180
336
51
293
261
49
137
295
458
695
1034
722
253
5227
4004
9450
178
364
46
480
948
638
499
949
22604
1354
100
49
287
559
62734
829
2335
327
1242
3799
13
1093
116
5557
3175
116
2112
679
303
709
1932
225
417
3879
1506
590
550
142
203
10370
1609
167
323
705
973
387
182
1051
12721
801
179
616
10254
1237
401
502
11802
12
23
11716
46
3982
807
26475
142
203
86
176
385
9250
165
2734
3633
1071
393
447
105
102
108
1048
259
439
227
106
2421
198
314
282
590
483
155
24
71
293
239
4117
893
5233
185
2622
1714
51
1788
142
156
1549
3345
331
306
1907
2266
320
231
5983
66
1096
31
1208
10
51
19
490
277
569
282
647
228
1049
98
1638
237
1139
3233
301
589
4440
16770
580
21326
862
118
2188
199
2575
554
183
54
232
423
38960
229
67
180
193
11
332
1012
304
491
867
174
1290
30913
123
111
293
56
36201
499
1213
107
947
1615
189
44253
383
463
1812
416
8770
230
409
317
6977
235
1615
15
30
50826
161
1270
724
67
278
5387
496
14950
5957
17945
16864
276
25070
901
7313
4505
8699
512
235
284
18047
3728
193
6245
25412
178
162
1055
315
58125
178
103
492
1317
395
8247
311
6045
792
1210
208
120
364
11988
26255
891
891
1057
1057
277
10960
80
958
277
10960
80
958
1073
95
2804
95
2804
5248
10078
15343
17138
6835
5248
10078
15343
17138
6835
359
96
161
12336
23
23
12084
25029
644
45186
313
970
12084
25029
644
45186
313
970
3257
709
70150
3257
709
70150
163
35930
898
2234
35930
898
2234
178
178
80300
80300
878
878
420
30289
1534
30289
1534
11518
11518
1039
267
32882
1301
31257
849
14808
310
2000
32882
850
1039
267
1301
31257
849
14808
310
2000
850
1448
1448
10
10
163
87
163
87
80
4853
80
4853
14693
14693
17893
844
302
113
649
1256
1221
2308
267
113
129
179
17893
844
302
649
1256
1221
2308
267
129
179
957
957
36550
36550
4878
52
375
1147
97
700
668
1397
303
700
476
85
872
293
4878
52
375
1147
97
668
1397
303
476
85
872
293
116
38245
816
116
38245
816
70572
151
189
159
519
519
149
1340
1254
149
1340
1254
15481
15481
9795
45
125
211
9795
45
125
211
219
219
1027
1027
24082
24082
88
159
893
11398
276
88
159
893
11398
276
12483
12483
25974
25974
168
168
65
288
534
739
444
1655
504
2081
1299
504
246
1176
12680
1851
1776
65
288
534
739
444
2081
1655
1299
246
1176
12680
1851
1776
335
335
330
452
785
312
1624
3791
220
9782
280
312
94
7624
330
452
785
1624
3791
220
9782
280
94
7624
1015
1015
186
3888
4905
3935
189
150
3382
10782
2483
1897
205
1362
635
1283
394
464
1306
268
12
205
722
722
449
3169
1122
543
568
139
186
3888
4905
449
3935
189
150
3382
10782
2483
1897
1362
635
1283
3169
394
464
1306
268
12
1122
543
568
139
410
410
2515
2015
7180
3854
2515
2015
7180
3854
470
470
157
1137
284
157
1137
284
1024
1024
5816
5058
5816
5058
1069
652
3572
877
108
219
171
212
5171
108
5870
1403
260
1069
652
3572
877
219
171
212
5171
5870
1403
260
268
269
268
269
10518
4648
4793
24232
10518
4648
4793
24232
78
373
98
94
2952
86
278
201
76
93
371
10
110
151
10
50
36
68
811
2125
132
7627
837
931
371
7627
98
64
249
286
458
98
64
78
373
98
94
2952
86
278
201
76
64
93
10
110
151
10
50
36
68
811
2125
249
132
837
931
286
458
64
710
710
183
183
27527
27527
11
2753
5088
110
728
602
819
417
1367
728
44
2520
528
11
2753
5088
110
602
819
417
1367
44
2520
528
98
98
36672
36672
573
573
838
838
911
432
12147
911
432
12147
63014
74903
10032
63014
74903
10032
761
100
56
56
72
11678
421
62
78
611
15
156
72
11678
421
62
78
611
15
156
440
133
440
133
10443
10443
14027
14027
893
893
632
4407
870
229
12742
90
632
4407
870
229
12742
90
14
14
526
188
9554
526
188
9554
10647
10647
185
366
185
366
45
45
113
174
380
399
156
879
1274
109
39
664
1389
123
149
2068
92
110
25
1389
235
604
235
586
4550
701
237
1325
113
174
380
399
156
604
879
1274
109
39
664
123
149
2068
92
110
586
25
4550
701
237
1325
386
386
274
37917
274
37917
86
1398
344
882
1532
47
494
86
1398
344
882
1532
47
494
327
346
99
257
1431
327
346
99
257
1431
304
321
8428
304
321
8428
488
488
23
23
335
509
1730
1147
558
37
997
23
539
997
879
166
1114
31
153
335
509
1730
1147
558
23
37
539
879
166
1114
31
153
162
31
162
31
774
515
122
199
45610
1529
7303
81
92
122
27
774
515
199
45610
1529
7303
81
92
27
199
628
973
973
520
520
20828
20828
3055
3055
427
428
427
428
3147
3147
645
645
1295
1295
30225
30225
824
824
726
511
726
511
106
106
262
15197
4642
353
17992
2682
3979
16
380
353
8933
7076
262
15197
4642
17992
2682
3979
16
380
8933
7076
213
192
213
192
786
786
224
224
66
75
279
2672
178
1227
262
1547
66
75
279
2672
178
1227
262
1547
13399
96
13399
96
924
924
1282
654
49
1282
654
49
55392
55392
1484
248
1484
248
749
749
162
36863
181
120
111
1183
42
35
268
51
655
120
181
111
1183
42
35
268
51
655
60
296
43994
43
21
60
296
43994
43
21
2442
257
2442
257
19460
11994
41045
19460
11994
41045
7935
364
7935
364
35
1023
490
35
1023
490
859
352
352
27
204
27
204
44
44
699
693
191
58
97
42
699
693
191
58
97
42
321
114
321
114
43
240
43
240
1863
1863
542
542
10254
10254
19249
19249
165
165
2298
2298
166
166
8992
8992
5749
451
1267
5749
451
1267
482
482
124
124
192
192
40
40
9868
1912
459
16841
602
65
321
6660
3950
321
38
12
46
1231
5505
9868
1912
459
16841
602
6660
65
3950
38
12
46
1231
5505
1226
1226
531
531
14382
14382
1497
2517
15136
2816
1497
2517
15136
2816
24
164
10
16
24
164
10
16
677
677
132
32345
132
32345
1350
111
1350
111
29956
29956
250
250
277
277
442
305
139
442
305
139
39803
39803
143
574
143
574
32
1217
4943
2013
89
779
158
365
41
89
76
224
1327
32
1217
4943
2013
779
158
365
41
76
224
1327
537
537
495
966
31
495
966
31
7922
655
7922
655
96
96
48490
6579
48490
6579
2081
2081
112
750
821
30
86
897
9821
6717
1484
821
839
112
750
30
86
897
9821
6717
1484
839
88
24598
88
24598
561
561
11
16
273
297
109
16
16
11
16
273
297
109
16
16
278
278
2973
2973
104
404
62
104
404
62
48
7833
231
1475
48
7833
231
1475
139
139
102
102
13388
43147
13388
43147
2021
2021
136
136
776
776
172
20075
39027
29309
172
20075
39027
29309
3418
80
267
3418
80
267
22611
22611
425
410
120
11
95
307
10077
3487
53
114
2875
2086
6044
89
89
261
30601
151
72
242
261
30601
151
72
242
30341
422
134
9772
30341
422
134
9772
1500
10
460
177
92
1500
10
460
177
92
12
1164
221
2851
739
31830
147
10
75
739
164
238
25
12
1164
221
2851
31830
147
10
75
164
238
25
141
141
401
401
341
295
35
341
295
35
40
40
985
6548
985
6548
661
909
11251
11251
693
693
4886
243
14113
4886
243
14113
609
609
33
33
729
41
729
41
193
1369
11883
35
695
84
3356
1051
23
3356
3385
1384
14
645
2695
193
1369
11883
35
695
1051
84
23
3385
1384
14
645
2695
42
7322
20
368
42
7322
20
368
9535
8480
5097
1481
758
2345
707
1675
17
5097
21
9535
8480
1481
758
2345
707
1675
17
21
574
19
595
1312
209
527
231
574
19
595
1312
209
527
231
11
99
57486
11
99
57486
660
660
449
197
449
197
2242
3950
16837
16837
1259
1259
190
1662
51
2418
789
651
711
620
2024
287
1404
157
114
5211
292
1587
483
4587
5985
892
657
1587
483
4587
5985
892
657
273
273
44
478
907
27
10038
8873
44
478
907
27
10038
8873
186
505
115
261
239
186
505
115
261
239
1045
1138
72
932
932
474
639
474
639
10596
10596
129
4254
191
129
4254
191
96
96
21
21
11326
11326
277
277
700
700
6116
6116
99
519
99
519
1233
1233
2717
243
288
7889
2717
243
288
7889
196
196
11798
874
11798
874
66
295
873
21
297
102
289
66
295
873
21
297
102
289
464
189
285
245
464
189
285
245
3924
82
3924
82
336
336
25888
25888
90
258
90
258
316
185
316
185
60
1035
1215
348
788
53
1316
48715
97
6690
3466
8954
127
422
731
560
15
461
92
994
5146
94
488
1036
1263
1986
1093
633
189
4324
1285
150
2427
335
412
202
1334
116
21
433
1993
1160
690
1600
1949
374
2176
1035
1215
348
1103
788
53
1316
48715
461
189
433
1103
5125
5125
469
1477
938
60
97
6690
3466
8954
127
422
469
731
560
15
92
994
5146
94
488
1036
1263
1477
1986
1093
633
4324
1285
150
2427
335
412
202
938
1334
116
21
1993
1160
690
1600
1949
374
2176
34184
147
34184
147
18794
18794
516
49
3226
1880
123
154
516
49
3226
1880
123
154
4598
431
4598
431
47
47
16452
16452
553
553
7533
6818
7533
6818
542
388
1673
542
388
1673
2051
211
2051
211
2704
2704
11216
105
16469
807
989
456
17924
406
7306
1289
807
513
105
16469
989
456
17924
406
7306
1289
513
317
160
225
79
23
317
160
225
79
23
9491
9491
236
236
550
678
85
444
550
678
85
444
18445
18445
623
623
7773
879
256
66
455
808
39
20
7773
879
256
66
455
808
39
20
1181
45746
1181
45746
2076
17663
2076
17663
185
185
144
144
52422
52422
1323
1323
6838
9259
268
388
6838
9259
268
388
14
14
193
2706
95
193
2706
95
182
92
960
460
683
244
2408
90
358
683
150
490
204
182
92
960
460
244
2408
90
358
150
490
204
129
1335
129
1335
106
106
211
17379
3887
82
211
17379
3887
82
197
110
197
110
26180
26180
5146
5146
202
586
3842
64
506
1057
195
630
2314
3842
2527
202
586
64
506
1057
195
630
2314
2527
187
19
187
19
97916
97916
111
111
15279
15279
38900
13
38900
13
37
37
1173
15106
1173
15106
81
394
355
31717
144
81
394
355
31717
144
3289
2073
2534
1787
582
3289
2073
2534
1787
582
23705
23705
5639
15
12665
5639
15
12665
1349
275
176
275
176
114
337
470
114
337
470
21116
21116
115
732
94
908
42
672
379
1552
211
101
281
6206
227
307
4048
93
293
90
29
33
1388
11
8282
2785
281
11
34
505
787
1735
558
34
483
115
732
94
908
42
672
379
1552
211
505
101
6206
227
307
4048
93
293
90
29
33
787
1388
8282
2785
1735
558
483
96
3045
15800
20
9279
23
1549
1209
63
20
755
622
96
3045
15800
9279
23
1549
1209
63
755
622
206
382
631
5909
1013
206
382
631
5909
1013
2957
1136
247
1116
2957
1136
247
1116
42
741
42
741
22872
22872
63
4965
63
4965
315
1334
57
28286
466
10838
6174
330
1552
57
17009
315
1334
28286
466
10838
6174
330
1552
17009
186
292
186
292
119
119
170
375
72
455
22183
2567
412
2685
72
455
22183
2567
412
2685
7235
7235
12
12
35739
850
35739
850
170
170
23954
32
31
10056
2725
1295
23954
32
31
10056
2725
1295
188
650
988
107
40
159
72
1459
188
650
988
107
40
159
72
1459
2649
2649
1044
52
855
302
8749
1044
52
855
302
8749
93
353
175
112
174
451
93
353
175
112
174
451
389
389
990
220
10
18
21
29
990
220
10
18
21
29
572
11706
572
11706
1177
1177
395
13539
395
13539
572
572
313
313
162
86
16528
371
319
162
86
16528
371
319
497
638
7527
120
10
497
638
7527
120
10
30474
30474
3269
848
6682
35333
3269
848
6682
35333
18
10
435
857
2101
15
13
18
10
435
857
2101
15
13
200
200
3440
42140
3440
42140
188
9659
6625
9659
6625
409
970
236
472
26
67
92
15
25
766
980
1472
81
28
16187
3996
1201
16187
3996
1201
2436
988
922
53
2436
988
922
53
821
821
442
442
791
791
125
28
125
28
463
126
463
126
1139
1139
1739
177
91
376
1739
177
91
376
74
104
170
223
14
38
497
505
2514
56
133
135
1087
1041
147
3053
1902
1494
1007
84
350
1181
1103
225
519
86
176
4893
204
78
194
714
12
669
1119
45974
6909
1656
1016
844
62
185
265
128
975
438
221
23
7360
405
1841
482
1813
89
850
477
445
994
3843
69
94
132
228
71
766
235
85
326
903
480
1051
304
378
38
370
125
363
132
3008
30
2034
142
410
1492
204
127
845
17210
5701
550
361
105
434
6532
2192
864
697
51
40
154
2651
43
304
582
42
10658
381
570
1120
657
89
118
1529
421
2629
80
21102
702
1951
14282
765
17421
24420
45
376
1001
716
286
519
1003
681
422
1141
1191
680
169
106
265
477
2961
186
3593
498
1896
3167
25822
97
1035
31
223
503
59
256
117
106
36
65728
116
91
435
296
1359
1273
211
27
222
1804
10876
532
2228
4279
79
472
62
225
11058
162
639
513
306
951
1869
975
1260
30
92
2146
1309
7445
540
55
361
318
65
25787
361
2987
111
4474
605
424
975
33226
46403
738
338
6546
261
91
258
10
5543
37
581
509
38155
81
1537
378
223
82
60
5502
749
1042
19
293
92
2993
72
173
1923
30818
360
148
218
8205
143
168
210
348
654
121
49
130
196
107
463
119
553
1770
2686
104
97
567
206
482
671
158
204
174
985
8696
216
162
153
437
127
21941
1061
289
144
1779
533
6756
75
162
788
1304
56
68
526
488
1418
480
1089
1438
477
140
182
21
3531
502
13
87
37
182
103
128
516
272
268
622
876
247
1325
1580
169
29330
11482
1024
2428
1135
216
34
25
11040
1933
3165
609
783
1303
371
95
29
316
3943
1832
13262
112
137
931
525
18810
3921
4163
24568
177
178
151
101
266
98
31
62
78
21230
13300
297
27
900
535
197
502
4303
123
585
19923
32
100
130
189
140
10
406
221
44289
899
363
10
991
2688
582
2368
21983
3929
196
7568
38
625
63
103
154
444
86
109
3575
1334
609
405
177
893
494
175
876
680
174
27
65
747
1499
110
134
827
31
86
241
1285
41
469
288
12
352
525
2402
699
51
792
2918
336
17
4717
671
387
499
41
103
311
290
340
218
174
1316
2154
14
6522
3800
16598
814
7985
26
497
114
755
1235
68
447
93
1860
670
358
218
18444
424
175
17678
882
53085
437
10708
30
611
5561
881
155
23
855
1549
1841
2236
18
18
14
664
479
803
245
570
936
30032
556
738
7816
279
396
216
35
44459
72
5341
183
478
327
388
395
2700
2319
16352
1714
2528
2941
562
241
8455
370
43
734
157
46
42
96
293
1099
192
269
280
772
710
187
371
1107
44037
113
413
110
238
742
697
689
15
1113
1966
93
66
6096
42
810
2954
365
604
42
241
959
30357
74
2804
97
408
144
14
342
24
93
11160
931
747
1717
235
952
211
75
24
1247
412
78
161
2643
189
21
79094
642
449
2039
166
90
428
24705
36
10852
118
29742
349
577
3071
590
1914
840
7088
382
1742
1057
476
1870
2843
5430
203
249
408
161
93
82
106
240
287
407
240
139
283
2889
2498
186
2527
1022
483
2072
289
289
1763
71
2152
242
775
297
1404
455
13
33
96
2242
172
559
18
2496
17
352
9560
291
301
4720
9011
236
72
263
873
66
352
3778
1137
70
175
2917
515
890
853
2640
7836
76
3587
52558
9194
4409
523
13215
400
26
5240
10317
80
1639
924
491
173
1940
1567
11602
52475
776
44366
2144
405
283
5772
357
1600
14
1388
12462
2732
528
1315
3392
654
1827
3220
112
334
1183
227
2335
351
132
4157
3680
74
8983
11054
1138
7583
900
123
483
262
637
490
1138
327
539
920
676
835
54
211
16790
14695
34398
736
26145
18
29
2929
453
140
347
49
6242
313
420
27049
1053
132
133
7136
46
58
16598
92
342
28
14522
81
42
1807
231
42
2055
3022
361
408
5277
7660
382
55
949
129
432
18
30879
77
609
711
15163
1980
21
59
193
467
594
57
356
636
2021
5038
1770
298
204
17
6831
163
4314
261
75
68
1687
105
195
7812
2512
449
36668
980
531
7553
137
404
105
351
1257
3797
536
3771
498
21384
15340
19247
231
13756
14631
1185
439
120
12784
10634
7079
783
8588
1484
232
227
872
369
21
2561
62
3203
17514
1113
282
4091
7382
2541
281
226
117
97
150
474
56490
19241
2371
2750
2153
47
40
34
713
356
31
23
15
310
41
41
48
192
228
218
1419
301
362
156
30
1435
801
397
1104
511
11
676
3492
899
197
410
1990
13745
199
146
50
420
75
163
693
5476
24555
1598
45
8378
280
5517
1674
26219
31508
486
3005
1837
1272
212
3466
195
259
12735
628
5800
790
107
660
439
42263
163
266
158
747
14
1553
3446
182
11068
919
696
142
1169
2086
39593
6367
46
155
356
1496
149
42
61
58196
465
1137
1546
115
337
160
27190
10426
541
769
244
207
689
61
147
15
832
413
331
1628
11
46
255
18
202
581
72
29
437
192
27
1172
99
405
2839
70
8609
6352
588
