109
143
185
2356
2976
100
230
1195
671
24
100
14
2448
96
659
2661
940
303
2913
4310
1375
58
558
2222
2650
3420
5462
11
3254
391
178
64
53
1811
134
2511
2794
14
353
550
1139
230
119
1227
124
144
11493
118
299
1442
190
211
115
2631
19305
2156
2184
6854
50
1129
437
156
100
131
1536
2033
4753
7677
281
6046
1478
80
1189
788
176
1102
2224
127
103
1536
246
1740
244
16
505
93
2206
91
424
1238
1049
1223
365
164
1756
2795
14129
182
1805
51
691
153
1382
754
1537
5257
6684
5677
13559
1493
865
2994
1593
432
111
1843
168
3038
3348
2275
519
2024
1056
1628
22005
3586
470
3348
971
580
3136
4463
87
10617
197
1516
348
675
410
4438
1445
1033
386
2401
4043
7598
150
5770
44
4000
2958
2825
2134
11
1953
254
1236
962
43
3016
1143
604
4582
6456
1588
1730
342
5466
64
2351
36
1262
558
358
642
144
1150
75
39
1140
242
126
617
8056
841
1892
1459
188
15904
16518
18
9202
309
502
3068
2448
16205
8893
6538
97
1151
3225
5625
189
72
75
11500
4436
6747
9082
20
12667
5431
810
318
45
1882
2606
3876
291
12089
1226
524
7745
556
92
125
1499
2126
915
1770
29
113
3659
2141
1475
515
2766
1031
2489
8174
378
156
9465
2229
923
1686
55
4799
3940
119
383
617
6703
2901
415
88
1543
1830
41244
69
2475
46
132
198
1935
69
3281
2304
17
2134
305
1041
149
826
319
103
412
300
1325
582
15
10079
66
8466
167
13
2473
1096
488
68
78
1981
228
92
3166
2578
37
232
3544
105
1237
208
543
6285
3071
121
1123
2148
36
386
146
15183
91
480
1390
305
32378
191
1130
1696
4483
7868
2002
3998
391
2514
507
202
5579
756
5466
5654
540
383
8367
13868
50
221
5736
4794
5855
11100
7103
15757
2360
24372
20519
3552
188
9136
10
1731
2465
769
391
313
1545
1027
6004
24
1389
927
906
505
140
172
10
1283
350
34
40
1483
755
3034
3849
888
7600
1228
274
64
4520
13027
767
11381
283
1982
1315
7510
559
40
3653
373
918
8285
465
283
2308
5882
238
119
1580
6750
1190
60
39
2803
56
12532
78
209
2942
2733
2729
6693
153
4164
74
8429
3723
14
31
56
218
6035
5392
1739
201
105
4827
4713
1012
12
150
880
629
20782
408
1369
267
6330
1661
321
988
381
1185
270
249
3161
36
12
3700
1095
2823
633
95
213
195
1181
11491
5668
407
1102
3867
90
178
2090
143
456
5006
64
2337
1130
1148
5129
1470
1033
26458
26458
65
65
7046
9782
280
7046
9782
280
10
1626
10
1626
494
494
9902
9902
96
96
1181
296
1181
296
18316
5505
12021
459
18316
5505
12021
459
561
561
1636
109
1636
109
80
80
261
261
427
427
1356
115
1356
115
2038
2038
9101
9101
738
738
5932
5932
852
72
852
72
819
112
819
112
18
18
7198
51
40
223
2960
4280
15024
15366
5590
318
564
6473
5302
130
1018
162
2219
62
78
19980
1314
887
8703
809
3807
4506
192
917
1442
6460
16855
2375
2594
10203
14
648
1782
