8482
137
20
931
816
38
58
45
56
692
153
2977
297
60
980
488
11
64
2537
789
529
757
2162
2254
13457
49018
142
1800
2180
2094
1925
3953
5332
128
984
65
24
830
60467
169
110
3263
37
259
8947
85
70
2097
79
946
14944
230
1916
1152
481
2755
793
1041
133
23146
3635
252
27205
284
461
187
37
14
693
1056
661
934
539
110
79
224
86
166
838
1442
22
123
160
661
5392
514
525
20417
137
165
348
2107
2391
2305
5492
1895
7956
828
455
3078
112
456
16882
9925
7974
59
180
18701
4548
58
59
2597
6018
116
369
2821
1260
608
1449
485
58
470
3843
64
933
11
384
906
36
1535
509
1079
26
11
98
2678
46
559
1686
50
1899
179
609
2016
6888
108
54
823
3155
15327
1984
926
4348
423
1604
33
233
4309
41
371
682
46
437
689
146
123
11454
775
82821
1895
12
834
37141
474
14937
196
4064
25430
37461
758
29
557
115
218
6048
1840
139
1955
1048
1324
10466
822
3232
1524
22655
47
1520
8891
265
171
169
766
22946
723
87
79
2409
403
319
1160
570
155
89
76
129
1382
428
1310
13525
403
53
46
22
217
6149
1627
44055
9022
444
164
1505
3866
4845
127
194
1085
481
208
197
137
18275
15598
848
3261
1117
33
305
22
75
7786
3023
932
198
125
243
2440
1223
2703
13887
439
1712
19066
1274
3093
7087
1170
99570
611
814
97
19059
575
106
464
1120
65
806
13
161
371
101487
21269
226
356
969
172
1819
353
936
1313
465
1471
332
3245
4098
87
8593
3257
13062
221
1027
6388
2524
747
563
2096
270
382
23
1473
528
1192
81
73
1090
1275
2187
520
31
16
224
322
23
6089
916
69
1793
83
96
63
2730
138
4162
4674
71
12
1229
669
1775
1730
164
2474
115
264
15
938
76
588
364
531
67
161
101
1005
530
585
837
692
6321
135
29
51
1669
243
33269
2793
136
33
18162
2820
104
2677
43
106
85
236
1154
171
200
932
70
211
2813
1197
1136
874
633
3413
7813
779
187
1012
1517
3823
9045
186
31007
1235
43
779
152
20717
112
6973
134
77
81
140
1624
155
1300
615
71
1001
361
1373
541
2607
436
14
496
184
2357
1381
2244
27
2881
401
2425
41653
536
787
36
1503
324
111
553
2229
898
1923
191
23
49
761
2317
893
897
1674
673
105
736
1110
3336
10851
2006
274
146
4897
17821
132
598
680
78
1430
21298
4012
704
87
890
310
5508
1588
100
2610
490
24108
21804
132
3719
560
20
16374
2373
3545
785
696
596
411
1250
66
431
891
28299
2615
1617
3076
28
8536
60
15359
38832
590
2593
1251
448
672
65
763
883
255
869
120
1200
1908
97
77
5289
36
1480
724
4621
312
3290
2486
95
223
297
353
191
2377
2851
57
10588
138
24
543
377
1078
306
4243
4412
2203
1407
5494
11945
523
224
637
4170
114050
43110
13802
887
7132
58
1411
885
1580
4390
1326
554
3263
151
172
15038
147
1333
5629
252
55934
20
98
1506
690
2183
3477
12057
15456
18045
411
682
5296
5191
964
456
10
1003
3189
2035
774
31
613
1089
2899
24
11
465
2018
2064
28
378
495
255
318
306
343
254
341
16
68
324
1189
333
834
2213
732
817
21
41
11740
304
99
11645
45479
3440
36
2279
663
6108
615
8579
136
729
57
740
2330
9058
5004
1566
10729
755
1614
10
3300
4950
898
2395
2945
15043
3720
1100
107
893
16765
79
21
1596
552
6820
316
83
155
62
5155
1427
7291
12764
110
76
1188
1050
71
160
179
1806
791
565
2163
21377
105
21180
27454
23107
15
79855
2210
24
215
1488
38459
6990
60
30835
390
181
1503
301
6220
249
20
60
39
116
71
46
15117
83
970
5500
245
10
112
1363
56
127
4835
141
62
2098
237
11678
233
7905
69851
167
3234
305
1525
1045
381
966
204
66
566
39804
880
16
788
1209
86
63
160
103
172
30507
15
474
281
193
1223
1773
50131
6607
3158
21
2267
376
55
565
14
673
1427
765
873
60125
150
4859
1619
875
1424
668
104
499
732
396
31346
19
13346
4190
2003
85
6888
98
403
281
1598
157
1147
141
457
1118
372
27
1712
44
437
518
101
378
752
2880
838
356
304
93
4296
2772
604
679
51
1187
26562
393
6924
1529
11
1796
3164
296
2455
1321
1783
137
373
170
12
556
241
1332
1050
668
328
42
1374
47
2271
132
633
395
11
208
948
65
3975
1999
259
94
83
325
17
3406
281
392
1498
6089
6221
39
2863
827
75
17
59
513
409
1480
1593
197
7816
1785
3495
389
480
26
2090
245
13602
17
6993
2254
488
348
195
56
12
7258
635
17921
2343
91852
36
57
1395
1599
288
825
425
59
109
3022
84
1125
1318
3274
54
2681
107
90
55987
6348
5777
66
57744
8888
8910
549
4352
92
13116
516
52394
443
52
54
99
1525
876
486
10
1360
95
93
4910
2161
414
1377
1366
1591
13
899
322
260
361
1998
4403
1036
2948
4817
22
53
439
264
1343
599
570
81
14
755
6328
5375
41505
6662
97
371
30832
113
43
18800
1632
792
2774
1456
641
593
146
572
1051
749
654
1626
10
11222
45
4710
1057
1375
4472
989
1020
21534
2203
393
862
834
456
244
606
619
526
10
14414
2879
2014
17
15422
28608
149
1834
125
142
13
193
72
14
408
615
543
823
1420
2164
690
2891
1407
392
7956
12528
20144
30279
2435
16
121
199
585
18
1544
1038
459
97
901
508
33442
41
96
7050
40927
263
5955
14692
480
27
1909
3749
838
34
6420
342
8249
1278
228
1071
11554
287
634
264
850
1118
416
3564
2352
470
90
255
244
4349
417
31876
606
3969
3633
5708
1269
84
2268
31
462
2967
463
2742
378
1265
722
22400
6901
51
33
76
259
687
30
136
74
152
1633
210
12612
2521
581
1217
821
4719
645
9950
5063
138799
6851
3581
1489
1043
3386
28
13583
308
568
1609
743
335
61
1060
3030
2084
65770
315
2714
6485
7862
5588
219
12375
13077
129
4347
2926
7940
155
597
55
193
17
2658
17343
4197
4314
193
884
958
29612
2186
1269
351
11560
55
129
8468
432
14426
118
116
100
902
531
767
215
1090
57
44208
272
43
106
66
487
104
422
502
29878
818
3571
10271
533
193
261
179
15
290
159
640
627
4220
638
1145
72
10193
4892
4770
124
160
1689
56
192
12
2651
57697
597
515
8264
1278
157
1592
10
6191
2845
18459
464
83
332
30653
626
17123
36
7970
879
4762
103
32696
25813
16003
50
22
25
123
634
4757
37
21
150
124
444
4366
883
18
44
91
416
28986
139
87
24876
10726
475
1143
19753
45
49
530
8298
1372
1074
88
20613
14874
16563
80423
10664
90
202
921
116
89
49
4154
1653
10069
93
2424
1865
96
447
39
4099
54813
630
236
34
97
908
50
48
1746
86
2570
193
5817
409
5577
147
462
60
3420
938
6731
10463
1541
709
14450
6467
21
54
51732
70
13672
90
74
738
12
1958
106
1455
900
21
1548
87
242
51
3876
52
71
1659
3245
44537
396
565
3275
53
684
2715
65
670
2816
92
69
13
16222
13443
297
23051
44651
2346
5166
10
40
3751
397
511
146
534
860
145
474
295
46
27
107539
2276
260
1779
15967
1526
446
80
495
8647
16
584
1749
328
625
567
224
326
12949
50
54107
104
47
6295
92712
106
7392
18493
51
5509
548
352
299
724
454
8212
17
146
1161
2032
51
2978
3015
2903
165
75
1013
805
1003
224
806
294
69
1050
275
2022
50
1421
35587
25167
213
249
522
594
103
459
705
64
14
463
11
16
52
2722
10
323
22
16
727
1435
42
7172
1059
1600
49
1938
944
62
26199
114
13666
148
17858
353
79
87
267
652
460
167
16715
8253
427
954
67
368
27975
846
776
204
72
46635
7434
33
4609
5372
8472
514
107
2163
543
358
2353
158
652
67
355
11
547
330
26627
192
137
5196
3124
1451
2410
3533
96
84669
2135
501
886
75
102
292
1099
3508
598
2252
193
2284
184
1420
5066
2951
1599
268
501
166
84
411
162
2080
842
1734
89
895
75
198
39789
7130
120
55
4542
282
162
1105
92
246
1199
322
771
379
1562
770
1682
464
509
2132
695
2552
33
1804
1077
1184
10655
1725
10513
706
3638
213
5726
231
2668
139
6973
200
581
3693
468
804
101
1390
208
2461
592
258
1563
590
30
35536
973
1543
169
260
479
30618
59
40111
181
500
380
5533
52072
12737
842
372
565
2117
162
738
58
138
285
151
86
673
875
53
223
7496
253
20
167
37
239
368
757
2923
20799
3211
10
19
489
67812
1267
230
1368
557
107
792
157
428
1935
917
1950
864
12
5172
1270
25472
455
124
121
30
1558
5413
4043
1814
294
43
708
51
451
2613
955
15677
82
2757
261
87
893
1088
30
482
490
366
234
5519
597
42
445
2478
812
45172
261
770
1175
244
3248
1276
319
175
1186
177
4068
69
105
32659
18147
24519
94
31
22722
49378
1085
67
83
5462
42100
4085
9345
8512
411
264
402
7646
1871
18919
1202
100
1004
246
13569
61
2528
68
86
248
1749
964
81
15745
598
1868
1241
17968
588
392
219
285
1006
1903
1548
125
82
352
66
633
76
101
129
15056
37
558
70
1012
587
66
391
349
1555
915
4777
2892
242
547
1050
157
22845
266
826
370
204
217
462
614
253
542
15
179
121
4337
2927
215
11084
1650
134
3226
2696
864
65815
11
355
863
2393
398
333
93
375
18
973
196
2585
5214
20615
1512
400
2411
666
402
3101
259
14450
12
2306
18689
18
88
1054
15566
167
1141
960
2169
1818
3863
1426
343
1584
67
1723
565
10
337
732
87
3184
5051
2495
40238
1297
12309
4018
5666
239
3150
1373
165
13
970
1457
162
113
92
119
12907
3932
253
2720
260
1086
843
455
261
230
35
2701
251
1856
30249
108
12
940
1373
1877
835
147
119
198
1078
219
809
189
1435
2441
9888
40764
554
10625
1391
127
966
1463
1608
941
494
25
3727
318
39
3690
789
72
3734
17631
534
243
255
24
3259
56
30
341
61
880
21
169
226
1710
3799
11349
42
770
140
2054
148
215
413
301
1800
4472
36753
130
191
12
547
87
1363
274
225
147
53
2265
885
112
30624
362
246
176
2781
4163
17
66
570
11706
2476
20417
2128
5390
2679
2276
125
81
100
801
3534
47
1984
1308
1964
6355
1581
743
218
33
76
477
786
189
991
131
663
754
459
539
413
106
593
4867
863
15
3079
454
163
268
276
360
4096
28
216
231
422
250
19593
27650
22860
18372
4593
4109
1401
1815
6097
4810
3801
270
29
9451
47
780
3014
512
41
565
20776
33468
16764
131
592
104
35
646
2517
913
1035
165
720
187
3373
3938
40245
15310
1405
15804
1444
32
3538
2894
730
593
2611
19
620
709
272
74
232
18227
23364
49
2527
1761
82
2785
126
147
97
1315
3343
137676
1550
89
569
4085
931
37972
4236
917
1238
427
1060
911
4918
103
6834
21692
407
1122
3306
3267
1156
206
151
35704
775
100
165
812
1588
429
228
1016
1710
99
619
273
657
745
628
209
7979
102
10
62
1044
77354
6395
59540
4921
1593
722
1139
1292
2985
42137
81
3482
968
125
591
13541
32
103
61
71
2111
403
487
212
151
6688
99
35742
262
4634
2777
20149
36
43
490
307
1292
111
224
8241
28165
716
437
927
361
268
51147
2370
539
6193
3735
2656
3258
39
391
1111
1657
493
23928
34
31
386
801
704
36
18
154
476
13
482
24431
29
707
131
4928
41
5870
469
24802
2077
10
189
151
607
11152
15792
508
1156
1532
930
154
1474
353
38142
78
12
25750
2360
3085
266
109
294
34
44
316
13
54
4932
165
40
95
149
1424
387
14
729
3439
1019
1958
1039
1971
2451
77
1001
502
890
802
480
452
14
511
44
60
18
25
1289
391
3840
875
7981
120371
91
1737
21
895
736
482
252
383
51
24
24199
307
2578
16527
103
1110
7701
3491
1052
126
379
6297
417
50
216
68
1378
7934
547
2459
2201
10660
6322
675
200
7411
974
41
952
989
432
81
15362
790
84
7039
1034
609
787
154
1581
83
161
397
566
76
133
30
841
12437
24
1325
40575
9032
420
72
456
55
710
2684
1185
1217
752
359
4378
4680
3372
1286
444
864
646
4332
18022
33136
103
4411
862
70
195
49788
3124
680
1799
269
203
96
3893
56
90
3053
123
22847
11044
25248
5203
3282
8645
6216
666
2184
70
3401
563
343
1421
995
436
10
21
156
2745
55
2498
79
6558
12729
100
4555
455
1053
3327
84
5238
167
417
109
36473
1201
558
1567
127
2576
219
98
228
90
41
852
5525
74
1030
18
3178
727
1021
106
21795
22120
1339
117
41416
1420
3191
1319
64662
1845
248
27650
3276
148
115
2381
338
221
724
384
640
10
20
472
569
513
295
326
27850
93
1330
341
10761
3225
93
3413
3155
1091
68
664
31
1240
8812
1053
1411
5953
1921
147
2407
227
4816
19920
1825
28931
32
344
555
30189
11
4386
61
118
103
58
167
727
15
509
6801
373
83
36350
3573
184
2483
2352
1601
1241
1197
1576
5127
722
4799
324
23
3788
2747
68
299
156
4645
2229
68779
115
36
8780
12406
903
25274
110
99
1372
64
208
2397
77
7824
1725
92
3357
70
41708
3211
2419
496
1060
908
903
206
24105
67
38
449
55957
1366
2513
343
251
218
2083
37
39
332
529
53
22236
299
1473
32983
131
394
715
93
6122
417
2706
6121
1996
163
3639
242
1949
684
12200
37
179
82
29
89
21
11
642
964
99
25
734
432
3722
87
675
152
819
1309
600
11184
6892
1178
2019
1755
359
120
424
72
346
177
478
281
1572
313
1122
322
198
107
310
1064
3011
165
107
32
74
10
145
10617
267
326
140
76
187
1838
16973
1760
532
50
960
2125
71
131
287
6292
113
10
61
1665
1497
216
15425
430
2911
1582
551
695
2569
489
1138
356
2952
1228
143
78
2578
479
1421
50
3180
1371
633
99
18
42
98
269
50
5307
787
4063
69
518
3826
15782
1925
227
3763
18363
11039
4177
510
42
208
679
15
267
270
133
112
98
31
458
533
288
1255
940
532
19044
516
35
223
2173
93
1568
463
10638
14551
17485
1371
292
8078
9465
5789
1116
133
646
1900
234
374
84
18
3601
698
3432
200
5602
97
1768
253
260
11
263
990
620
495
9290
4754
4178
400
26
6950
10
52
661
2060
11
750
83
772
1716
2422
1241
101
71
708
142
938
675
419
73
4834
17
342
71
140
758
3414
1019
2442
3728
454
937
379
5335
45
3218
954
1270
348
360
6491
1871
4245
14225
46
9926
6098
119
1889
855
1503
29869
3664
570
263
597
2745
583
409
34808
371
63
23389
68
81
344
751
916
502
1089
217
1233
3529
63
1173
47
3600
4721
235
1652
71
1445
1040
3016
106
205
104
266
144
434
10
3154
13807
7842
11438
17632
6141
64
2792
543
24574
15
90
193
143
42108
25865
11821
695
63696
343
3942
14998
16
207
78
1134
3563
9994
8463
1802
3363
3048
14104
996
749
320
268
328
98
642
157
550
1157
22
880
2009
2070
1824
54
1223
1075
104
374
682
532
1934
3306
50878
2329
79
11636
28
554
14
95
104
143
101
858
182
12
2234
440
184
1883
58
72
272
180
39
66
76
837
74
39659
14475
28
931
3065
417
93
1124
1109
5485
634
921
1944
11
4353
71
8894
203
237
1222
88
2690
114
136
203
141
73
72
1583
12767
2238
1236
21414
4269
148
2675
389
2259
701
1282
931
268
3508
541
387
12
746
214
63
366
232
34
1875
168
1395
2087
13
3048
158
47
16
16591
1403
210
627
860
153
595
4693
89
27
866
247
1413
2855
107
3034
260
266
718
222
174
592
88
1481
467
60
697
568
321
825
738
16
848
203
54
203
586
1326
16228
8666
232
2937
900
5955
10
589
628
657
441
179
700
22
61218
95
208
113
454
42622
496
322
14
1870
1898
1523
40234
2220
19038
9029
390
27416
100
159
160
5095
1785
58374
168
12337
1086
300
2753
308
233
1491
1415
23
43297
78
57500
39828
1918
929
1735
2941
754
98
2852
513
3644
21
122
125
103
83
15
586
2835
60
10
5644
2447
10828
2933
3681
2614
10211
354
1164
354
3634
3034
769
60
24
21410
22093
1039
1713
36719
289
1108
1589
2134
7695
1714
143
1654
4307
4080
344
335
459
212
152
205
3525
42
543
57
43
1880
232
2647
21562
606
5224
104
28
89
359
6766
316
45
315
1704
630
138
4605
264
67
1608
4662
947
2163
2643
1019
1450
579
2398
1881
873
23
1506
683
168
56
3661
61
29718
5126
384
649
33684
597
1147
1750
586
5196
304
2065
295
2014
1288
6089
89
4593
6856
667
1948
888
1466
768
3675
4607
39
25
183
35
488
2839
1243
760
187
1130
1268
4915
394
6192
55
13424
15698
695
89
80
2405
272
36481
10
657
1047
279
2349
1024
3037
1817
121
46
401
1402
6310
3409
1331
13686
42
109
5106
12
335
5871
10680
1010
309
14
3533
3453
257
205
317
76
492
208
305
285
2196
841
4843
4896
2711
13
1352
1689
67
20124
15
1753
2758
2941
172
18
219
1229
51016
10716
15656
148
3811
3044
5745
1111
741
126
856
12
12
13438
1956
411
20
2126
18621
1056
110
120
724
285
52
10543
161
11799
7034
12
263
660
3074
328
2990
1498
47
287
330
266
140
56
16
32486
282
1446
392
1112
276
165
20
100
145
501
14247
10438
482
38
201
93
1651
469
3972
745
4032
25
9617
25
30519
69
112
1667
2095
225
334
960
22
61
69
4118
994
240
123
446
2452
541
911
1248
155
2148
5950
9299
105
22
3227
2107
80
7789
2787
1619
3101
2340
628
26
337
511
395
4410
27
802
1931
1751
52
536
1981
961
3330
2339
16073
7681
650
62
1483
1695
2266
795
3954
499
28
30322
23084
865
26894
1872
4160
4620
524
126
2628
401
506
2789
1011
343
1218
66
25471
2088
121
73
43
190
1043
261
302
458
2294
37
1001
37
10
1175
27
1518
264
87348
1309
392
3319
10796
24
134
15703
438
14044
14
35
734
165
778
1357
439
721
549
2017
5546
16
802
21358
3288
35
11472
419
87
1347
840
13
275
80
29
788
932
79
43
672
60195
186
745
877
125
44
39
2065
99683
3945
4520
6381
21
621
105
293
350
442
181
201
119
116
455
134
423
1871
439
845
1706
40
24687
14640
119
251
175
55
3816
36
48
814
55
128
52
2816
538
32
94
65
2855
900
3300
127
2560
2059
989
734
1843
576
517
470
28903
7782
35
144
2277
3300
142
2429
281
24528
36
14866
4989
3203
5400
7535
14319
2689
490
20476
4338
1449
249
437
2186
131
720
266
1515
21536
2910
29523
57363
15384
1735
3381
1052
2483
1600
1002
1106
689
559
205
113
261
234
3082
392
23225
513
13883
73
852
24225
159
15188
644
552
157
739
1033
54
2091
2152
20
29986
1034
2564
128
2355
571
69
15
45
146
374
64
474
2623
12736
163
192
56
458
8808
1451
1992
94
770
6738
90
165
96
886
112
8915
2342
52283
59
3813
929
3034
2965
17
997
1346
1799
3269
689
492
123
476
161
2031
854
11910
14091
10492
1306
3306
8787
2928
2979
187
2695
1910
12101
27
56
346
526
458
51
896
166
134
6722
23
138
43
654
380
133
2813
273
1546
203
5208
19077
23756
2243
260
863
51
113
4570
1570
2788
1241
11471
13299
1089
1811
92
7871
3876
72
828
532
173
1541
100
1503
695
2413
641
134
279
60
74
1525
70
128
443
2563
840
1493
139
542
977
231
60
39
1032
173
1349
1582
694
1044
106
313
534
48
45791
237
703
117
3013
1472
137
2025
3044
1312
778
79
159
215
1993
219
57
2836
463
91
480
1897
40
4448
748
7144
270
160
474
36508
74
3872
2083
94
2286
18
23
703
1663
303
402
110
196
397
43
483
1367
1142
47528
5783
6678
19436
75
15812
22707
86253
91
8949
30
25
486
5803
3075
41
81
92065
1578
395
43875
1887
338
3572
1136
5777
2330
44
47754
1389
40125
265
116
1736
485
467
31
11551
62
176
672
453
71
55
98
10
11864
4237
62
1946
3061
630
1653
15850
16006
526
1417
190
2222
40961
650
19589
6965
16442
6306
94
499
1361
1876
43
60
683
252
906
67
751
31574
46
107
18127
92
451
649
42
79
198
54
8167
83
1368
495
269
341
79
1428
1547
637
248
287
1410
3601
268
258
2920
30969
8915
6566
101
1096
57
1856
2602
53
36
67
1182
289
117
382
94
78
1071
519
467
595
4463
18230
54922
34
71
95
578
590
1886
446
1841
12
72
207
5217
1230
468
674
2719
32
397
1496
309
3121
112
1059
2510
12325
45130
4812
3259
6071
6677
2631
666
1120
174
32
30
35
69
30
730
203
389
19407
11
12
334
106
12
1985
1729
7294
59890
17
799
77
130
1955
145
5659
25450
13980
40498
5148
976
69
188
62
284
73
1656
1293
98
326
358
140
5288
2866
14441
420
1597
4547
8263
2202
775
2927
3529
1339
458
694
2565
557
140
20
99
48
669
158
120
33
40364
9137
6078
1881
854
48
836
18832
4308
679
194
664
373
136
883
11
136
45
2027
740
1790
2174
88
218
236
118
8013
49276
24
419
2918
227
75
119
566
350
97
27
92
15151
4776
807
1453
8987
121
546
42
697
1874
2128
4608
471
1110
1395
995
1163
2047
10243
2535
635
480
650
9700
935
1221
471
5371
99
2754
1244
1024
1080
90
36
35
22
923
317
405
1588
924
4343
686
1349
439
1134
19833
7255
280
962
2338
3864
194
551
23003
230
2316
2354
76
224
57462
100
738
410
229
715
1691
615
786
737
590
2990
645
1616
339
880
1136
2596
494
381
3928
2924
1069
59
485
3152
1246
490
334
788
4718
2430
10713
489
1033
653
13
67
166
142
177
6774
14324
42
254
7767
719
178
2452
498
773
1877
108
2782
469
1590
315
276
766
163
112
515
61
96
362
660
206
510
917
626
91
55746
1732
961
424
311
304
301
869
570
298
23975
17941
1400
2722
1491
15635
2020
333
126
173
23
271
1825
2567
70
229
82
16012
293
223
7511
5640
803
1042
257
436
122
276
6150
531
7964
1624
36373
156
188
3878
10281
79
395
11246
362
34
5452
14272
972
322
2448
3661
605
6113
1565
162
22
1004
62
193
96
5415
1930
7327
1006
249
666
1288
4757
527
530
1008
1384
15248
1388
3058
113
261
509
135
2705
33
1093
326
311
3042
1253
3188
590
143
558
5290
5722
601
2682
33
277
1489
129
629
1194
10347
4462
46335
1013
667
318
2886
259
5938
340
21827
117
48
218
5202
1288
995
91
636
1614
196
36
369
21308
42890
155
9150
8058
157
118
414
72
802
10795
3204
160
2072
82
190
240
12
72
10
239
1561
151
110
5425
2415
162
104
606
80
716
164
14
8764
9621
2628
9511
180
31
14
13168
1174
2220
2104
1695
327
870
23
484
8702
63
1700
373
2683
6241
743
663
770
757
5350
4238
8814
932
972
3456
2180
52688
851
15
46182
530
11116
1904
127
1245
12709
7479
286
739
237
140
545
18
421
137
45
292
591
64
1574
173
235
1703
10
57
2421
2389
844
1568
105204
8791
87872
45
5418
41
1983
149
2047
1971
2060
315
290
2540
593
174
366
136
26
104
34
389
1064
127
1384
300
163
45
27
117
3083
3117
1931
1068
589
111
1130
58
215
598
82
183
21231
207
1315
5233
21799
15689
30574
1769
497
394
9810
1637
610
404
198
370
664
906
241
1127
525
43
475
4657
1421
1766
117
23
463
752
34344
3316
964
2557
1724
228
461
312
2206
839
500
4793
1905
1392
600
1213
376
2374
1580
4223
166
2769
159
1572
2190
2969
1709
64
7076
42
12007
43
1381
1470
14
51
294
50
88
1363
637
167
580
57
143
20
346
788
32
4856
16
17122
268
2281
3399
176
81
1490
8738
12394
26
15555
748
14
118
18753
15204
12162
10789
11
1151
1665
72
18771
903
35
732
1627
7126
274
961
28
25
78
46
336
32
2638
569
346
11
503
293
147
36163
215
1450
11836
974
161
413
130
110
1098
3768
119
677
480
7214
65
3692
185
88
10000
5141
14814
214
78
653
51
55
396
221
509
60
1055
85
84
89
692
10551
58
1667
32
575
2652
1116
16857
33566
105
4018
2577
523
415
1597
2180
28
38
10
488
651
205
29
3203
370
632
228
111
34
1111
776
544
142
1118
785
406
406
265
122
24
255
1183
8319
239
66
861
14870
76
3276
16
116
818
58
1537
449
6721
6760
417
167
6542
7069
4042
209
633
116
16562
3323
344
50
63
87
102
265
51
752
5511
249
581
372
684
6531
10
2260
6931
1580
183
130
84
2567
125
665
2895
3024
546
840
21
2589
5738
420
2159
1217
3446
983
10120
1540
1308
415
20
1467
54
71
2359
1276
704
158
110
168
487
1695
60
63
674
553
4453
811
26
546
28
2044
79
788
67
857
37
274
274
45253
26
20
267
147
14
194
115320
1687
4413
4009
2331
2499
2336
18331
183
524
4873
454
2024
28
68
266
973
1039
3822
4671
488
7038
48381
13
189
16
6581
6229
4687
976
64
272
246
137
177
1852
45
4867
301
755
277
104
2133
185
23612
10530
541
558
34
1104
75
125
540
281
1999
388
743
80
5296
165
774
19018
938
786
808
16940
7855
11769
439
20
20374
183
51
269
876
6617
684
98
7593
9571
6501
446
144
23272
121
1341
2270
17313
1277
5561
265
18
5176
3778
1468
364
1606
100
392
10073
33946
42
398
20
74
25890
48
33910
750
16
574
10288
418
449
2974
731
132
195
54212
4487
681
28220
57
80
296
811
5674
556
60
85
586
61
117
13312
3319
63
3008
53171
17
34
25464
72
153
119
9765
29
433
3630
411
1507
1114
901
746
941
106
961
797
79
102
292
358
962
4481
754
46
11
19
14
187
128
124
780
264
2816
457
103
1075
169
67
1803
104
647
44
93
1158
637
234
655
12
258
24
565
9989
1543
4659
4909
3683
32
17664
8948
2697
18344
24907
6592
162
2317
25677
393
12193
11
16147
9011
122
168
2988
52199
1154
510
170
362
88
635
1900
639
164
204
1936
170
18387
9779
1046
1154
197
11
109
54
1698
116
1574
2903
472
384
19
694
371
2376
1601
96
183
30
416
416
336
567
103
341
11730
1991
1475
17
9603
2253
109
8740
4413
1068
239
287
1973
1628
416
1778
44
72
8274
4063
5659
1844
605
2527
178
64
163
6936
4182
4116
119
4305
200
53
416
2796
20
629
1485
1975
5604
4285
804
1441
60
2831
343
2076
155
4227
68
405
3406
67
197
44
1349
101
25
2309
772
9175
8684
17
20096
214
5748
66
417
65
71
145
54
725
1192
7115
3516
2058
5382
23
10
1647
7852
11
49496
38
537
219
1025
7043
130
2785
2294
429
381
517
793
244
2803
1407
3099
101
1085
134
17
11
1705
248
25
64
1043
5210
102
755
228
15611
1530
7163
96
613
61
445
5979
28760
911
31
415
468
37
119
1066
1019
12310
105
111
1192
747
1240
150
20
153
194
211
448
13
12179
17
535
1675
189
53
2431
257
28
47403
21991
205
252
423
1311
1526
15
146
190
3326
1082
29254
19355
1223
1386
11853
4591
1669
693
78523
13144
29
560
13007
16038
2830
1856
2187
2155
2048
37
397
8965
864
46198
335
865
8644
33090
4088
1997
2989
4101
1092
1424
585
2703
5916
28
60
4550
372
6030
26
11824
193
14668
1421
54
537
175
177
70
431
559
558
7848
2360
300
2340
2770
242
751
2533
1070
1348
1374
2500
234
645
219
1576
6149
1626
5292
65972
438
23647
1374
80
5703
6461
6930
1606
117
156
4176
1138
26
1513
63
788
1041
639
177
7121
4999
4573
164
1201
10704
55
823
461
875
109
723
221
634
61
27
79
373
4397
33
6607
500
2207
4649
2009
3782
3435
1023
2408
84
755
2531
110
2221
1331
10
442
5807
45
256
112
72836
910
397
55
9064
793
118
27
77
40
1912
624
397
108
3347
2154
4298
663
23256
959
95468
2309
1323
4989
3446
148
190
5125
1565
2894
932
4502
979
79
126
27812
1347
8350
514
52010
3022
1235
1750
479
1046
529
862
838
3355
488
1999
1522
3118
200
1114
6233
9579
1666
86
199
2007
19330
3746
29
1216
1493
1405
10902
14320
3384
350
13977
68
27908
6590
10488
22
3256
1736
14
4445
7542
10604
4880
802
18672
14906
28
58146
119
39
24
10507
613
546
105
2230
3261
1248
2642
6554
5173
720
7243
3417
242
185
2531
48
6425
1726
709
4251
1094
767
7720
1339
42
1589
37
503
389
4152
17
33243
317
42
4993
570
1202
246
371
588
172
21039
23085
9067
75279
170
2867
813
194
498
1291
10043
7001
774
11172
1078
1092
68
275
17
2394
4090
900
20
155
41
488
626
96
590
875
2290
5456
753
113
20
10626
499
28889
53150
177
344
2521
19342
2122
163
1594
930
6700
17
5691
3743
688
586
6724
127
3651
969
368
74
39
662
1924
2349
220
1285
414
1954
60
140
663
3844
792
989
982
1279
1025
101
128
414
17255
860
1368
299
9163
12224
5272
1579
9205
1968
1720
50
1284
516
1183
306
152
169
159
1618
925
666
650
671
55
25
11
759
307
177
297
323
1528
3603
250
843
6151
164
643
13
5493
279
51
53
317
1054
54869
188
597
23540
2002
732
1746
3045
1813
481
2123
676
782
1049
1286
858
2669
2250
1575
153
3171
12327
4014
80
20980
162
10182
588
2593
241
3470
438
14
900
239
484
5175
90
1220
1098
3346
1657
1019
13
13551
91
2856
320
936
5192
1669
5804
254
159
222
8355
88
360
1281
31242
314
18650
105
65
7886
937
13713
372
168
12345
592
56
31257
85
339
66
2631
140
39
106
105
934
173
67
421
108
5720
721
9819
2620
850
17
238
470
32357
12340
174
2090
1584
1954
1710
30316
37
1249
1134
276
26
114
182
134
84
163
727
236
870
5306
587
1657
2950
647
7578
11
1646
6308
10638
2832
7041
4469
12878
16
192
1374
1482
238
11076
52
3897
138
4534
378
2490
89
427
720
130
136
302
329
18
169
234
69
44
4332
308
166
1213
11870
1782
5638
98
1145
365
1185
2604
2924
31
98
6862
981
98
225
64
109
329
1790
997
13
594
807
2413
132
404
1442
683
976
432
6065
84169
113
12
527
6609
29078
288
569
91
140
420
21022
40
506
632
2524
2342
723
540
1862
1797
478
993
110
39
190
11163
3663
1537
63619
423
59749
104
20374
367
64
409
515
54
50
27432
94
647
93
130
363
68
263
227
3204
1378
3885
2651
5741
204
1360
358
2375
690
87
81
4212
158
5296
21893
171
166
1614
820
822
104
283
2378
133
683
91
128
2879
216
22350
153
5009
872
35419
302
873
36
437
692
16
638
2577
518
224
484
158
2817
20
1594
34
471
133
639
1644
113
6775
3091
243
7141
152
58
1861
971
226
399
631
771
552
294
816
51
5413
659
6172
10234
772
24709
595
28
788
211
70
603
376
896
16
89
100
1768
54
623
315
2020
72
1751
5647
974
566
277
2587
79
53
166
2286
5719
1898
1221
26191
154
3782
5933
167
204
109
27
9348
759
2442
701
62
6091
44
2338
77
2499
14
24
1226
1545
560
89
322
7513
1331
2246
416
514
6739
3774
16
3286
198
98
337
6364
2666
1829
2507
2193
791
16
1639
330
2266
2376
51
2560
702
41
1005
11690
1438
212
1227
315
3575
32
24
77
419
8478
567
644
139
25460
20614
43
49
5835
429
2496
608
58
704
10563
22
754
32811
133
122
453
1086
150
48
38360
10127
5737
103
4910
164
11
33579
1022
10386
2061
16799
1793
3469
18921
62575
775
7108
218
5016
8978
848
558
2852
1128
5171
8355
711
167
1279
110
188
382
24782
193
68
4392
93
60
123
242
81070
323
2510
108
379
1531
4299
232
2237
36
1930
25
276
43
12194
8391
2268
279
40
1474
13015
48
1420
2511
271
2632
217
425
1351
233
1606
133
37
218
485
940
136
263
1997
185
3072
41336
21809
226
2296
86
196
38
9842
609
309
114
771
26430
9759
854
1378
1407
562
1021
165
820
309
3230
753
22548
30822
2799
92
152
11608
41
364
734
28
77
42491
514
736
1312
51
68
136
1756
936
3639
620
331
8092
1085
1008
1335
449
301
199
148
43
105
183
11802
755
161
16534
701
1599
819
366
131
80
673
60
665
44
5155
273
1603
22
104
2477
779
2276
341
19489
1210
2683
1148
1291
88
121
110
99
1098
262
10
112
7256
112
3512
179
9813
6611
1698
14702
47207
11
108
621
674
96
59
918
826
68
389
121
120
730
153
15377
163
376
1982
7356
1277
168
1156
418
306
55
603
1157
595
785
1002
85
1024
20
441
395
27378
205
11
2221
1227
202
845
141
326
256
2868
34
534
279
745
399
183
98458
424
18097
149
239
28
4973
1196
1960
12388
425
604
93
2764
765
1202
137
166
267
813
593
72
540
721
3897
292
230
210
2238
1285
459
558
458
359
426
486
683
1503
1493
175
717
4300
63
72
24584
532
57168
8389
419
4329
1788
740
4363
135
820
180
96
3752
91
2504
120
2235
3908
932
10
4136
3366
1101
89
812
103
295
127
4473
19954
11155
769
3326
146
134
97
24
93
259
531
1600
10454
21
964
122
436
85
759
67
370
475
98
431
2404
14
5256
11277
12
328
315
479
797
7501
36
63
2400
170
3282
559
2338
620
1127
160
116
446
1786
1464
93
870
7965
1275
61396
97
889
78452
17671
11880
510
1219
1512
23
3217
46
6304
3680
416
104
1244
3813
723
442
24
6137
85
349
266
69
1123
1347
953
495
1451
63
241
2093
273
197
1800
4487
10
224
562
6898
926
562
112
366
25
412
296
53
58
10
403
812
4779
10165
3906
2713
1052
13057
2400
260
215
9539
6994
302
37557
2207
506
188
1503
476
789
2877
72
49
67
560
83
14
222
55
3417
4618
50
1139
178
232
49
818
104
1811
53
1225
286
1616
379
796
575
510
93
194
334
3783
426
10243
170
793
37412
80505
19473
209
724
2882
5347
1143
96
348
86
2019
213
24
77
388
262
2607
1151
27
123
229
5957
4310
481
91285
1675
501
10682
354
61
3125
470
9668
2468
3261
94
54
58
89
127
54
326
870
147
217
543
1840
70
84
3883
1687
22513
962
150879
675
542
1765
286
2161
640
701
149
26206
888
889
668
24328
13
59
14198
530
855
490
2756
180
231
1103
559
150
102
112
485
31
612
3038
516
2399
145
1246
909
279
107
225
279
86
16
653
552
759
11
133
3377
2805
884
331
40
5948
3710
20380
281
63
33
402
5321
928
100
83
186
7118
164
284
198
188
1137
149
182
184
1370
660
27385
176
1223
455
2742
1569
11541
390
189
212
742
310
3648
538
5126
748
13046
45
133
31
304
32610
62
3146
5858
249
530
1574
538
105
367
1393
69
15116
21347
1205
638
86
41078
41511
579
27
2406
1681
70
146
59
862
1411
434
412
1884
23
66
205
63
438
123
152
72
282
55
17
6878
63880
3577
15143
31
172
384
4045
1714
39
241
21
54
172
2551
215
4993
9176
1264
3543
7376
1277
402
302
3564
4362
2761
138
1161
315
353
1393
289
397
77
643
159
989
1612
412
265
398
32873
41
5101
1057
38
5768
713
185
41
43
312
15109
29291
1460
1982
1711
40
62
13
26
577
2183
152
462
3292
1055
453
512
334
2039
460
310
127
76
887
664
1778
1540
1587
309
167
501
318
145
2675
95
3982
836
278
14
95
614
118
293
73
1098
15439
4929
1698
172
909
32
1533
1182
128
11
5867
595
943
1518
28
28
397
1690
1909
877
16053
3481
67
87
246
1766
64
28
4564
2741
344
23
114
5190
482
1299
1464
2164
440
338
3168
513
164
3783
69
235
11087
28466
197
324
150
14
205
355
110
3776
125
5917
623
7359
1410
2371
687
723
10426
12971
2240
92
53
183
774
370
62082
139
200
86
4357
410
2921
4332
3628
2250
850
10070
1500
915
36170
25
102
29
41722
22973
2328
77
59
3443
65
420
2469
2201
649
4242
45
225
409
10299
98
69789
439
1899
116
693
16967
518
4671
3042
564
79
28739
8460
56902
2991
3592
175
3408
757
42401
2334
735
671
4111
141
230
673
2157
83
2314
16779
153
225
454
163
1037
1400
1929
47
2866
68
89
12330
4731
230
11205
1088
5359
25700
2722
2597
4022
3464
4133
4628
2005
3923
1649
872
1399
75
154
4110
13334
1188
60637
8871
2557
1071
624
267
227
4938
7719
10803
539
694
11
79
138
111
1238
155
23
172
1259
801
1595
468
969
229
272
1266
28
53
103
1368
2660
159
86
50
155
53
625
164
223
433
9591
621
1354
23
29
40
31
3031
65
8636
561
203
37
152
377
88
561
7291
527
1724
432
2973
712
89
77
1150
58
972
2190
130
29
3983
3136
8115
803
158
190
111
48
119
7276
428
12
26
1787
83
595
238
3864
40961
819
710
453
813
728
4040
1276
73
103
1898
42
462
14
2698
7504
666
163
17
249
44
648
141
350
38523
12
12
178
32613
193
596
322
133
26
1146
863
62249
101
408
127
298
309
10
30
2569
20470
281
4222
953
1735
131
592
115
253
169
627
163
230
168
681
443
194
1252
1364
829
216
173
128
424
2944
255
123
40
57
34
1019
117
43
55
156
1393
16969
439
4103
2922
11
73
125
221
2314
75
10
337
685
636
81
29252
413
51
46454
1234
541
106
121
30346
800
3548
27
2692
1016
297
877
35
174
1578
577
3307
23217
251
22568
150
1919
26
108
393
107
266
1356
94
2793
416
102
1400
1491
2951
1832
228
55484
21
26578
26
728
716
356
656
44
5522
1427
27009
2850
27
1446
553
4867
24
269
224
87
1150
1415
425
55
1533
1528
361
328
266
654
725
1931
30
8591
279
1797
821
457
4485
121
468
194
3820
2631
10
7411
946
9909
371
27072
9037
597
6451
12891
35782
162
269
50
4192
2007
5583
119
1488
175
270
381
1168
591
469
83
48
633
523
2197
412
1041
48
1266
97
609
1348
5852
33
9892
1103
70
7624
6394
280
208
1724
259
218
182
48
2062
344
79
1711
1284
1261
499
1676
2334
474
4650
1160
2078
21
236
1717
2253
460
98
2437
526
662
1456
384
76
820
46731
12913
65
1434
324
790
658
43
1088
26
2225
660
95
2116
1330
9214
162
177
96
765
89
398
4498
1449
564
187
1265
14364
544
130
4693
264
275
927
1109
4230
96
2612
14537
2352
2170
40907
1917
37
1363
1608
874
145
555
16
19568
1591
284
2518
426
27571
156
653
2284
1504
200
208
4775
563
1373
374
100
1093
11534
308
552
2242
449
54
1484
77
61
158
25
78
21130
8270
5875
221
6831
5822
636
354
672
531
10
10
173
40
339
2593
79
1190
5314
1819
4849
98
3258
953
658
125
3633
1143
32
355
468
448
2075
882
95
437
2118
598
1671
35235
10
60
113
295
80
182
24935
10546
12
174
329
818
13728
161
1034
11
7877
4025
1614
1978
698
2589
22946
617
74
8027
1360
5325
1931
515
2877
157
19318
47727
20395
10461
807
32312
1822
1550
1283
1733
1670
129
3193
536
761
154
428
2509
10
3391
2264
984
70978
26476
919
2097
12003
14143
120
39
23
1503
867
2334
902
306
500
656
478
232
1497
209
1834
145
879
113
23979
225
5770
1583
192
396
495
55
51783
2334
34
136
939
1541
638
1852
116
141
33
17416
61834
237
34
322
2303
924
255
4747
19496
5013
497
1899
3411
684
1154
213
4696
1439
4243
172
1087
107
214
83
13
1180
8451
60960
24986
5387
221
139
40429
14367
102
1907
31623
225
3205
639
842
5605
20385
3710
46538
66384
400
2067
40
81
3560
5662
2257
656
75
272
570
292
628
520
2436
10
4134
13
115
4403
109
1427
256
2729
312
808
5869
10013
4809
1987
4233
910
863
1069
11
427
2753
638
576
2717
528
908
2266
675
565
141
428
503
21
616
1199
159
192
39
92
18
101
108
866
330
406
249
131
233
354
417
1506
1429
139
183
4836
1801
4791
3963
4147
603
281
18113
7147
110
612
919
546
3149
23
830
306
555
20
179
78
45
1607
35
56687
155
2029
2099
697
22796
12
10
88
18522
399
4370
23619
1154
4012
2226
1518
590
910
1817
2633
1680
42
2492
3573
2318
927
5695
628
423
4251
411
658
86
1503
110
12290
60
1914
42
70
175
100
80
1033
66
578
230
2182
25252
300
37810
23012
306
87
12
543
316
32
408
1637
165
32
58
3369
123
1332
83
83
292
520
7034
437
4912
725
5339
193
466
31
1149
2838
21
551
131
1072
137
649
799
99
811
786
9770
184
246
12595
391
187
615
64
110
13
110
17495
383
1148
5183
45
1120
186
540
1316
461
58
1579
1814
5393
190
272
30514
52
312
137
2221
10
115
193
2216
19510
227
49
645
678
8100
559
25
873
108
873
482
760
4906
369
788
10
1011
586
839
385
11715
307
406
114
24515
11518
1550
126
48
55
1845
846
26
8086
10575
142
86
66
39
4588
372
40
4889
238
2707
597
568
2677
221
136
5392
24440
621
916
78959
1509
2029
46
48
715
787
199
1604
1361
89
33
1540
1846
2770
522
3275
3739
474
360
6276
3987
1589
1910
782
1519
1167
6559
174
13873
1327
185
275
2993
541
3626
1177
335
3479
612
1701
62187
668
19349
281
768
486
516
802
6538
134
7968
7078
41834
604
1394
673
19702
196
1061
30
1755
43
2245
32
772
14913
479
165
1240
534
613
4103
3448
396
160
234
37010
14583
136
190
164
13526
4880
1631
2707
105
1988
63
76299
7175
569
1372
192
32
65
1637
5055
2533
1070
1338
103174
12966
54157
333
1039
365
1409
3538
4481
882
242
476
489
2219
94
1578
1613
2570
1507
308
68
169
242
87
14053
9021
906
465
19
148
74
282
359
49
3606
343
175
1029
1026
63
3277
2347
369
3566
59398
17941
17
145
949
97
4396
49
1178
2270
55
79
163
2904
148
120
209
71
8659
7651
268
2681
1033
68
596
2824
2496
7669
51474
636
861
1645
237
37014
775
17832
3298
495
27776
4612
12313
4640
554
53
74
53
131
193
161
111
44
714
1365
108
93
1885
136
44
49
94
194
50
23
469
354
6387
3957
510
2628
103
43458
1000
1864
637
553
11
169
2514
33497
211
1818
7655
5060
56
1072
3161
95
7182
22
1413
889
200
20
1120
2242
4520
213
224
5530
571
1034
544
165
3879
2517
58043
11964
357
61
2491
2862
3573
762
136
1337
4919
421
3813
1841
2736
877
806
418
1813
8183
16
381
47
137
670
178
1562
2048
15748
520
50
392
19146
159
85
1229
2005
3614
2480
97
781
2057
15
121
82
784
3949
993
34
9165
1067
83
12
25
5354
1763
13
310
370
122
749
79
170
1980
265
239
641
91
11
121
120
1380
116
121
54
10
2112
942
552
1224
643
11228
61080
17955
59775
7538
49
24
221
98
316
14473
253
287
1780
478
15991
613
239
348
4969
81
1059
258
2707
6749
89
186
166
4700
91
95
219
498
2570
13
836
907
2315
4756
54
74
803
2564
66
1402
844
1195
54
278
30
9619
1555
2582
1191
81
152
4780
200
916
296
720
621
448
354
79
140
128
179
521
70
27
233
1563
528
440
52
2030
6926
140
1757
265
3305
15869
17
252
3319
1513
1120
18367
39570
2375
11225
18
372
145
2306
1686
7329
17657
101
2734
1072
12598
65
223
2194
335
592
659
5000
24461
358
550
93
296
308
414
40
4155
2381
447
1068
4201
1273
366
35
1785
144
228
1926
1342
1071
7495
12
2293
9135
23
135
518
911
64
358
54
10326
11647
3350
674
26373
168
934
175
1239
54
55
175
34
361
905
98
87
680
192
81
1176
8685
266
5541
1766
5626
33508
1047
59
1008
253
5390
392
1208
41
6789
368
152
361
82
144
31
20657
59
226
20931
529
1554
942
1515
2111
586
380
17184
17141
3007
325
994
2316
1797
175
595
1471
42213
2038
10
17
2051
63
6224
264
31717
14375
8351
16804
83
25635
20601
17943
3665
27510
8950
5604
348
11428
1525
8189
1525
8189
1892
1892
3896
26718
128
77
9861
493
367
22039
16941
1276
128
26718
77
9861
493
367
22039
16941
1276
5312
401
5312
401
9426
1689
1067
7380
56
262
64786
9426
1689
1067
7380
56
262
64786
10
487
112
1057
142
586
10
487
112
1057
142
586
16139
394
1100
24161
4378
394
1100
24161
4378
367
824
177
47684
1872
367
824
177
47684
1872
1209
38
370
4542
27
4542
27
14546
14546
162
264
3452
19339
223
804
162
264
3452
19339
223
804
11833
11833
2434
529
223
20
492
2434
529
223
20
492
339
339
1410
703
840
469
17
4793
281
896
1410
703
840
469
17
4793
281
896
70464
65
699
2345
222
4329
699
2345
222
4329
1709
539
1709
539
2530
7079
2530
7079
122
122
1669
1669
192
192
92
92
14591
6246
96
7701
3592
14591
6246
96
7701
3592
515
5810
1218
1220
299
481
1619
48
494
494
384
695
967
150
40
161
724
515
5810
1218
384
1220
299
481
1619
48
695
967
150
40
161
724
7222
73
3081
9268
7222
73
3081
9268
900
618
12215
900
618
12215
2619
80
9869
29
773
1306
728
675
123
1116
77
18
77
675
625
149
72
393
3662
1664
675
2619
80
9869
29
773
1306
728
675
123
1116
625
18
149
72
393
3662
1664
110
110
903
903
2985
1018
93
6583
2985
1018
93
6583
3371
7335
181
682
3557
194
3371
7335
181
682
3557
194
651
651
168
168
4734
4734
1993
1183
361
126
56
2261
102
1993
1183
361
126
56
2261
102
805
4108
117
81
86
153
139
291
173
117
100
805
4108
81
86
153
139
291
173
100
724
724
20
111
12030
20
111
12030
74690
9712
6117
74690
9712
6117
2493
2493
12304
489
12304
489
2033
91
1480
307
1161
592
1137
526
2033
91
1480
307
1161
592
1137
526
237
2784
31
2598
1425
237
2784
31
2598
1425
148
74
148
74
10212
10212
101
556
2713
29
1107
935
3984
841
674
1107
1048
1549
414
101
556
2713
29
935
3984
841
674
1048
1549
414
192
192
396
1865
862
1485
396
1865
862
1485
1038
61
182
1038
61
182
7543
7543
30
30
838
27
2412
546
248
3017
258
838
27
2412
546
248
3017
258
7273
736
347
46283
1219
7273
736
347
46283
1219
32
559
559
3512
65
3512
65
47
47
21
3529
21
3529
114
114
424
282
79
95
810
2402
2829
67
1304
3023
555
3032
6867
15651
555
3988
1435
281
14710
158
3988
4840
2390
424
282
79
95
810
2402
2829
67
1435
1304
3023
3032
6867
15651
281
14710
158
4840
2390
1094
62
1400
387
1094
62
1400
387
77
77
14556
14556
3255
579
3255
579
142
168
49
537
142
168
49
537
397
397
27
153
27
153
25593
15
217
536
1159
665
536
1159
665
33208
33208
1179
1179
14
1079
326
73
106
1437
2304
14
1079
326
73
106
1437
2304
1944
1944
5578
1157
759
106
106
299
547
5480
547
5480
3587
1060
874
3587
1060
874
3027
117
115
231
567
3763
1250
230
16452
439
54
54
902
1307
94
156
340
431
1584
3027
902
117
115
231
567
3763
1250
230
16452
439
1307
94
156
340
431
1584
146
659
478
131
146
659
478
131
125
125
3917
5509
10296
280
107
905
3917
5509
10296
280
107
905
1515
8621
1079
393
2323
35
22
152
1515
8621
1079
393
2323
35
22
152
1087
1087
30
30
4647
11539
2255
242
4647
11539
2255
242
416
416
509
6155
509
6155
137
365
589
2969
51
1733
1733
692
177
9211
5324
726
1164
1740
692
177
9211
5324
726
1164
1740
19
19
56469
56469
93
93
12
286
84
12
286
84
116
116
14141
8965
14141
8965
3304
2685
280
3304
2685
280
1466
10264
42503
1466
10264
42503
686
686
34
68828
34
68828
3331
45
53
3331
45
53
1011
1011
684
5170
17
1621
8771
1395
19
55
68
30432
68
30432
694
694
2202
105
31627
614
2202
105
31627
614
1130
1130
147
147
145
169
1363
280
85
74
143
145
169
1363
280
85
74
143
782
782
390
4512
140
13816
4512
140
13816
14399
14399
312
103
1564
105
1210
17
11378
428
312
103
1564
105
1210
17
11378
428
264
264
818
818
1206
1206
4738
3175
1427
12056
4738
3175
1427
12056
70
4824
51976
70
4824
51976
229
103
155
441
229
103
155
441
113
113
180
180
114
1628
114
1628
3117
295
2613
1001
1691
1464
315
79
1111
38
11
757
43
4288
1247
1565
1454
2219
11
757
43
4288
1247
1565
1454
2219
64463
64463
230
1109
64
230
1109
64
4744
118
676
9504
873
2882
4744
118
676
9504
873
2882
559
559
2090
10390
10390
931
931
4432
4432
2781
2781
18201
9373
10855
18201
9373
10855
601
601
11790
789
11790
789
205
775
136
205
775
136
66
242
66
242
65
3617
65
3617
163
897
570
564
54
236
229
46
108
50
197
125
560
170
437
448
113
49713
197
801
801
108
594
5667
688
104
59
163
897
570
564
108
54
236
229
46
108
50
125
560
170
437
594
448
113
49713
5667
688
104
59
764
2927
2864
70
764
2927
2864
70
1612
2897
540
1612
2897
540
954
25871
954
25871
1577
1577
532
5005
532
5005
46
99
293
3819
22923
10071
46
99
293
3819
22923
10071
6494
90
6494
90
9144
9144
17690
17690
278
278
506
8454
91
31
506
8454
91
31
2100
2100
1744
1744
51527
51527
299
6396
299
6396
2635
20075
2635
20075
1237
1237
985
311
467
394
155
985
311
467
394
155
20427
323
20427
323
18802
1860
503
220
421
421
2206
1356
1325
143
420
416
2206
1356
1325
143
420
416
14990
14990
26493
462
458
89
26493
462
458
89
790
790
280
364
197
657
2677
280
364
197
657
2677
185
185
639
1460
1774
2293
935
47
2954
43
1579
47
5211
69
127
1653
639
1460
1774
2293
935
2954
43
1579
5211
69
127
1653
236
206
21
40
538
116
148
381
119
40
236
1712
236
206
21
538
116
148
381
119
236
1712
303
2356
1375
908
5974
214
17547
646
303
2356
1375
908
5974
214
17547
646
194
4272
194
4272
4640
4640
2070
165
2070
165
44943
31
110
44943
31
110
46
804
1484
816
46
804
1484
816
9948
1899
25311
9948
1899
25311
15982
15982
9757
9757
223
554
60
319
223
554
60
319
9224
890
438
9224
890
438
730
28
861
184
730
28
861
184
1837
11
1837
11
10796
10796
264
103
264
103
61
61
1118
1118
482
482
3849
3849
1012
115
554
510
36468
24
1012
115
554
510
36468
24
483
319
92
193
142
2828
76
23
2746
23
1420
2579
1650
572
793
962
483
319
92
193
2746
142
2828
76
1420
2579
1650
572
793
962
712
2720
46
2069
381
1139
1139
345
345
75
106
126
1223
75
106
126
1223
409
5433
127
2390
71
70
635
822
3058
798
1722
4597
318
230
45160
27
436
51
2069
757
726
950
4405
71
16984
1793
3272
5468
825
462
1137
869
246
885
63
75
9696
332
352
2181
1842
841
70
20506
2122
13946
1883
480
5267
2191
3160
3038
2119
3387
126
1676
2022
3165
67
6008
2264
1023
135
47
1629
456
5183
165
590
2229
84
19
422
646
28
10
535
226
55
107
60
25426
140961
1909
79902
315
744
17
186
5425
10
21
291
105
218
537
63
68
30397
89
1075
420
85
215
1074
93
160
53
172
834
1835
3833
91
4218
5816
20
4789
324
305
35
803
414
143
967
229
51
285
560
1735
930
250
650
111
25
179
147
87
147
1298
1263
90
12296
1723
618
3025
2970
2141
254
47
2134
55
87
20839
3876
126
48
1994
42505
368
97
1979
8910
2361
84
34
3807
24462
250
89
3429
91
667
22
2058
1168
6810
396
374
1959
752
218
2509
2572
1134
456
1222
160
177
3989
30
666
18678
8962
1019
1594
134
1771
76
18295
213
4509
5242
168
276
86
18885
27
45
103
489
3455
726
615
937
577
355
151
223
1504
316
909
13
585
56
477
83
39
582
141
160
216
972
1085
3039
1357
1095
1497
2291
3166
245
2302
1061
176
43
377
30
4965
359
1106
1116
2466
47
9700
506
118
368
1557
106
10576
2909
251
1677
308
324
479
1079
385
4483
3121
317
53
405
494
113
48
78
20
1927
42
247
282
14
89
92
168
509
3231
1949
6912
667
679
3851
911
106
3932
368
1718
2516
6797
288
3045
4115
9029
4115
308
191
5169
1083
1370
668
10781
1468
1254
11941
545
11
1066
472
1372
2614
91
1197
13258
2448
1733
2589
385
976
31
140
1216
2486
885
1464
882
1129
65
911
1139
425
599
10796
57
377
108
364
151
2485
648
313
201
105
430
29
13
17
54
37
16703
16509
929
5000
181
145
12270
858
1061
1166
3453
86
7239
627
126
64
772
260
1218
9308
112
51
14871
555
53
1922
1445
1168
1605
1115
4105
2701
60
36931
634
69
1759
451
273
8681
5559
4136
798
1903
1259
217
3185
651
485
184
30
1454
942
163
39
334
72
48
5202
17427
31515
3146
2446
3136
3565
5954
279
2132
1685
58
667
2588
31025
730
8162
500
465
828
389
637
1787
209
52
13607
1061
876
147
51
23734
981
10382
7580
121224
120
9926
717
119
5774
1904
6849
622
4717
134
46418
3639
401
373
92
134
39538
543
347
579
2467
105
77
12933
30467
6948
35
88
178
45
1304
202
708
1030
1052
3338
