5460
6545
5529
7288
5334
6969
8271
5200
9213
9200
5215
9043
5034
8668
9080
13513
5174
6063
7005
9712
5909
11965
7833
5599
5655
6893
11675
5548
5176
5720
6622
5854
6553
5110
6554
5488
5199
6280
5715
8538
5933
14398
8126
5616
5130
9357
6126
6934
7717
8197
5674
6261
5830
5023
5369
8314
5870
10369
6439
6139
10326
10318
8677
8744
5102
5940
6364
5022
9936
5097
5095
17807
5102
5632
14704
6673
5156
6148
5474
7932
5444
5194
5377
5444
8286
6866
5360
7388
13139
6446
6421
7076
11214
6821
16492
6044
8668
5053
11505
9422
8204
6368
5247
5579
5756
7267
6648
5342
5726
10300
5329
5083
7317
10867
6916
11090
5796
10038
7378
5710
5504
5632
5379
6485
5209
5605
5411
5570
8594
6401
5344
6465
5067
6420
5888
6897
10697
7699
13238
6206
5567
5154
5418
5808
9173
6970
9281
5461
6699
6087
5298
9575
5240
6612
8160
5769
6472
6297
8667
6410
6032
6177
5145
21901
5085
11332
7288
7253
8427
5778
7041
6243
8222
5342
5058
5654
14975
9551
5458
8262
5029
6946
5459
5253
5244
5249
6841
7080
14356
5811
5548
5220
8322
5434
5434
9221
9221
8665
8665
5511
5511
5816
5816
5389
5389
8299
8299
5158
5158
5068
5068
5393
5393
9850
9850
5589
5589
5760
7251
7905
7597
5760
7251
7905
7597
5577
11722
5577
11722
5313
5313
5450
10949
5082
8098
6155
5893
5286
7567
6570
6221
9467
7411
6189
5163
6776
5016
6330
5233
5170
8349
