728
538
599
578
578
2217
4122
1322
849
1033
658
625
521
2327
658
597
597
501
1665
1045
613
783
1193
1289
575
1018
4456
545
1180
775
3833
680
884
757
607
1522
1256
2178
589
536
775
722
743
674
806
719
551
733
1923
1283
1304
502
636
1002
670
657
553
561
644
786
1304
798
556
895
608
538
623
606
1511
3047
1231
2706
1473
5301
555
711
886
845
653
760
1287
660
663
1925
589
569
868
850
612
633
692
596
610
527
621
818
1159
847
539
659
504
522
811
542
1033
625
1336
4001
527
531
615
768
1702
541
1025
738
1043
613
591
2248
1953
608
639
543
847
506
544
681
617
816
538
1029
668
1187
885
602
601
734
1058
580
778
725
741
596
1219
735
570
623
510
1077
728
677
569
1038
570
890
822
1049
839
535
821
611
961
1924
513
2176
1547
639
609
867
526
747
591
2103
1100
627
514
795
609
805
684
564
500
721
526
1660
1162
687
1368
673
1045
799
754
1089
1879
2875
926
792
629
702
995
545
1641
557
537
580
2424
506
998
1266
536
703
1148
738
585
1912
1119
588
698
885
582
820
523
1160
504
966
963
1608
1493
1061
1291
507
509
504
1282
972
811
573
678
1163
580
1459
719
802
577
607
865
532
1285
532
845
719
656
627
925
912
639
592
542
979
566
719
513
792
616
515
523
642
544
694
751
771
872
1103
1025
1124
501
1297
3022
583
699
1015
1071
563
554
998
942
8620
646
599
607
632
518
547
865
690
699
500
803
710
644
562
538
7363
1509
579
1008
596
507
734
669
509
606
676
4998
679
551
3758
1094
925
1103
836
590
615
533
2069
964
665
801
729
507
541
686
1811
732
1028
780
729
729
1239
521
1176
655
535
823
2387
2647
707
510
642
2214
1772
811
896
919
664
534
578
741
2057
1013
618
518
737
530
556
1155
1069
737
560
512
521
606
725
639
1079
508
750
522
2042
1039
552
531
541
575
860
538
1122
810
778
549
1352
664
679
558
1435
1526
1389
6647
798
7170
564
502
3089
3524
1655
630
522
575
647
1437
595
714
596
664
1412
989
746
691
558
896
2613
599
619
509
628
1043
687
754
833
1245
1444
1639
697
722
867
644
534
835
847
916
575
746
870
524
676
1126
609
903
3050
11598
636
538
507
770
2316
687
917
1952
580
539
1670
777
500
1891
1306
506
534
856
1026
772
647
502
662
961
781
504
581
906
564
521
544
775
1466
500
830
1555
822
991
1866
1697
745
926
1429
541
559
2001
537
802
825
1206
528
712
630
875
513
580
823
1103
577
762
933
660
2445
1233
1770
620
512
875
550
993
575
502
752
504
3083
2164
731
736
637
1201
889
1026
521
1183
1498
847
527
824
656
557
546
606
2296
2423
533
549
516
566
525
635
1012
501
957
532
769
815
1193
2325
1938
3114
612
652
1025
649
769
574
534
1883
1223
647
513
629
685
1035
509
4375
531
527
955
968
530
636
512
528
866
535
875
1331
3417
1026
683
1046
683
868
990
1232
992
2155
726
995
1295
1039
887
602
590
4456
595
525
897
701
1025
505
3040
506
685
748
680
1158
1927
800
753
1078
1170
1776
3421
3032
2301
737
2724
643
1905
6921
678
2003
568
688
837
567
1074
1806
877
1812
4018
517
606
552
570
888
769
624
747
508
832
641
782
546
535
650
698
704
717
780
774
520
891
736
607
624
565
605
616
694
1260
597
568
588
680
691
527
575
503
1826
595
741
502
823
1243
862
628
1074
2281
626
1053
526
982
522
544
671
572
845
553
812
516
554
7719
524
548
1023
2023
537
985
3066
606
1103
1986
767
785
528
589
1178
584
533
532
828
523
510
891
640
2945
1126
2300
763
1775
641
644
548
1224
594
688
1592
538
608
2504
511
913
566
592
1381
766
1498
581
883
570
512
1096
802
900
588
628
772
752
563
635
658
835
642
2607
3282
594
578
849
592
521
743
648
746
600
709
2128
567
688
829
3792
738
566
595
761
979
627
605
869
966
679
540
649
613
821
523
587
647
2033
698
710
1523
5877
1201
1358
1136
843
3404
3557
3539
2437
583
585
746
624
946
505
576
2624
988
701
564
687
699
927
600
861
2169
539
539
583
552
557
749
807
859
668
686
741
710
754
740
1177
786
1043
681
1083
508
547
524
652
833
1949
655
671
544
502
566
702
972
947
729
684
716
1736
1995
2764
1424
3138
2148
580
599
2715
528
519
1167
1174
546
878
683
779
766
560
573
934
606
554
561
536
545
522
592
1211
527
562
519
553
545
704
1138
525
2196
829
744
613
551
598
675
1099
1299
1900
502
1387
777
832
651
622
1422
538
891
4214
1865
550
632
578
524
584
1685
2222
808
1503
830
528
1463
659
1075
915
556
2815
1004
2227
961
978
684
710
1071
2175
616
1277
1150
504
761
638
2034
578
1225
967
511
518
629
1286
617
581
2748
525
631
1365
624
534
605
564
538
589
1624
559
790
660
747
715
867
2555
4146
1393
587
508
542
640
549
518
846
2140
611
564
557
3020
627
678
640
641
742
1335
665
688
1302
523
694
1300
1206
1110
907
830
513
1214
509
506
582
2457
838
628
963
970
549
616
699
648
773
1486
593
1945
692
521
503
614
500
831
636
553
510
776
547
1074
1126
824
575
513
515
675
625
830
527
501
585
728
702
651
1521
2824
825
747
714
745
2026
1053
621
1129
556
1511
893
597
604
617
507
557
792
1074
1071
621
687
626
947
516
750
538
704
1524
1768
2395
992
1639
793
664
1118
1085
524
1247
542
588
880
1701
520
721
1031
1562
710
545
562
701
1364
515
612
717
1591
870
738
715
1371
807
604
1027
518
501
501
564
584
534
654
578
515
1139
554
855
681
556
511
564
995
541
522
869
1249
8505
763
590
962
525
648
897
1008
1779
940
600
581
560
746
933
904
1420
1412
1186
686
838
533
980
509
680
616
724
1267
786
613
1427
1075
764
1092
583
1030
1007
705
567
505
533
609
752
561
783
992
531
682
846
528
964
608
590
1020
1292
698
814
563
654
641
901
519
603
578
1085
787
565
1186
1063
739
590
579
594
535
524
619
952
3487
2270
1537
540
693
519
531
522
786
500
996
585
582
1070
822
2171
592
573
3470
1520
1222
645
1025
626
559
556
995
571
1436
937
1637
945
668
1202
644
542
524
631
546
833
1027
1520
3379
1081
731
1253
2374
1128
1185
984
4137
1648
511
865
1013
1136
746
1207
2069
904
1095
933
1117
1848
1070
1042
573
515
587
686
503
691
672
882
531
840
1244
1088
1351
681
663
896
906
524
1292
908
795
591
508
649
1087
637
564
904
507
553
690
1521
641
1872
670
624
734
793
1048
808
669
550
576
607
572
613
731
760
624
730
900
595
990
594
656
515
2857
573
1665
780
644
591
506
686
784
559
561
803
601
1214
1026
630
603
557
639
554
640
536
665
644
571
774
551
606
567
2656
4490
1289
763
564
988
582
629
4595
689
1691
668
620
1159
509
1871
633
508
505
579
1075
803
742
500
659
582
1102
610
501
562
547
2204
1115
1444
577
552
514
610
560
2535
1119
1922
661
9663
6821
654
709
654
1223
1601
1937
744
826
699
514
682
1841
627
553
630
782
903
760
674
584
695
863
511
1139
546
970
578
966
733
534
548
568
515
621
982
756
523
798
816
1330
1648
556
594
719
683
538
502
1114
500
691
551
622
619
824
681
716
648
790
2333
2362
555
1296
1041
5830
3283
707
2574
1030
1171
556
1334
1041
2209
805
864
2194
510
2504
2751
2588
656
597
616
601
619
739
578
3740
519
527
632
540
513
598
648
1073
1114
510
711
778
571
582
1417
552
1969
507
1113
737
641
1105
920
1050
723
533
733
545
579
516
684
1590
623
545
588
1495
816
824
539
795
1345
1324
735
588
541
1022
540
889
591
965
823
504
664
4578
752
578
534
697
582
644
862
558
526
706
719
766
525
602
528
558
664
935
769
693
818
1319
703
653
543
591
534
552
732
687
540
1322
1125
1336
771
1068
1248
741
1151
646
523
1121
726
580
502
592
674
2001
2109
583
525
606
3650
543
793
1123
1161
1219
508
827
582
801
1995
901
906
857
586
1642
585
658
599
1021
615
552
830
585
676
760
625
2459
610
717
689
887
1039
918
689
702
532
574
2290
625
508
501
1545
1282
1593
502
509
783
1573
1032
775
726
854
1185
662
1201
1070
1486
585
895
540
531
1813
1569
1644
603
585
591
529
580
507
692
1281
589
793
976
510
955
2098
797
650
1131
501
630
549
2707
5321
1640
530
1225
511
641
653
810
532
1160
1243
571
594
1147
965
1071
507
636
721
632
521
720
1594
697
615
505
931
507
1405
528
538
1183
567
610
645
1390
723
529
507
1328
639
1014
707
733
1345
698
762
707
530
544
627
528
1490
513
1058
2946
737
501
883
1664
1235
535
1166
753
636
1100
522
948
683
1625
674
507
747
778
1476
852
527
704
835
1528
1718
525
600
656
561
502
787
560
504
1563
547
1040
4232
1632
580
610
2047
505
7329
2368
705
2232
1478
1234
639
2298
2500
532
851
1029
610
837
564
526
1007
780
896
785
762
500
874
623
790
798
714
740
1103
822
563
625
516
560
1055
501
599
681
625
531
646
1420
1613
1888
1730
515
1986
1154
1322
503
543
501
1406
1546
948
518
655
4049
1245
1074
586
504
1617
1343
581
540
591
564
569
1498
662
961
929
551
540
1294
1239
1167
823
1025
873
1839
617
927
1430
657
1359
529
504
563
547
525
587
623
551
635
582
672
641
1357
1245
1201
1990
1429
1104
624
629
688
605
624
515
672
704
824
617
623
1329
1163
1636
552
600
620
1006
612
1254
673
716
713
1144
574
845
667
628
585
542
1248
521
516
516
636
1080
847
859
927
583
3647
680
3693
507
1025
558
1640
1227
605
636
512
559
546
533
631
603
565
536
3998
7934
1991
571
767
568
665
639
909
1307
1656
649
552
726
576
623
826
591
664
559
3522
790
1288
545
986
770
834
630
1210
551
689
521
678
569
968
865
605
672
2041
1056
605
590
706
515
707
519
1196
1155
1189
671
1704
759
655
773
505
793
2001
1622
553
721
926
671
604
560
814
802
1193
512
1024
1281
925
4807
983
791
772
804
692
516
574
1001
1213
669
1523
2097
830
1155
1639
576
502
527
1174
761
848
601
745
566
1369
566
806
592
750
532
517
539
1058
886
673
3586
880
576
576
571
626
534
592
580
605
561
548
668
711
608
885
590
512
679
773
852
502
854
653
986
539
1201
798
1868
1160
503
662
578
1345
1087
781
898
1038
5223
868
556
682
546
907
512
545
1140
723
859
1154
555
583
719
556
652
643
1352
1736
2400
657
1640
1159
897
1058
2190
3233
1499
550
922
691
1209
557
816
560
2032
630
2285
532
580
706
783
1771
2783
775
503
2145
992
751
936
594
1867
3111
2738
839
541
786
750
5013
1513
2633
1840
521
656
948
530
646
772
518
876
555
673
1107
548
719
876
626
547
2923
688
1006
1522
2406
1237
1140
995
524
502
1254
1015
993
795
1934
620
707
619
537
506
705
552
1254
2180
2920
850
619
3241
570
548
830
576
602
1107
561
656
814
1538
522
672
507
927
586
514
568
912
576
516
875
557
698
517
1919
632
888
2777
1196
836
805
513
835
882
527
625
583
673
833
542
1102
511
1136
521
531
576
899
692
676
2451
738
694
502
506
567
502
648
661
520
712
725
766
1122
774
938
1272
989
923
630
657
640
605
551
730
1036
635
609
744
1154
517
766
971
1761
1153
1686
734
2053
594
519
524
503
573
676
548
638
740
544
507
1326
812
1533
557
1373
1272
872
635
598
841
729
2713
540
2088
1263
3022
526
905
2274
756
1732
628
543
691
540
909
940
1219
1388
1539
783
579
545
527
516
519
734
672
606
538
2149
740
532
647
1458
845
613
613
642
618
775
532
561
535
552
603
532
790
636
507
529
538
730
974
830
596
869
749
503
657
705
735
928
656
646
570
671
564
567
618
609
503
574
509
623
547
592
693
1677
724
3754
7116
5672
779
2086
7186
828
7278
862
547
935
1035
595
630
1076
557
600
2000
566
722
574
521
546
867
528
1116
651
761
510
858
759
626
644
776
649
606
525
1957
589
606
612
736
910
571
1082
646
1752
1247
523
523
1003
897
541
696
505
1464
1214
1187
738
749
518
861
872
761
533
613
602
1337
1233
836
540
575
1320
647
842
946
546
712
713
580
909
1433
647
709
518
1001
517
1000
724
641
501
521
723
671
539
828
866
545
1077
629
1225
576
671
513
987
1205
988
2384
2762
506
670
555
722
521
1726
526
801
552
506
733
1101
1261
1515
575
639
570
500
1523
1108
573
569
850
915
683
656
1032
957
596
506
742
624
521
600
512
771
595
506
1699
877
685
514
805
566
701
1209
557
1927
1349
545
829
505
2865
1238
537
539
566
583
581
510
540
738
1661
508
528
880
1744
928
610
1378
601
656
1868
1231
1253
2132
1523
933
1401
596
566
555
812
781
505
774
518
2169
565
825
820
1847
850
705
539
660
633
750
530
552
628
663
1103
738
783
1000
1282
549
679
910
612
583
515
535
595
596
548
528
595
518
523
518
938
1282
1687
701
790
1260
936
574
554
909
570
936
608
1195
553
703
745
535
690
519
960
522
906
721
547
607
650
664
1234
599
1457
1907
554
925
536
1091
593
1507
1665
955
719
1181
797
564
1190
638
1359
1039
537
527
846
766
1234
1165
509
501
626
650
635
796
1330
1073
1477
920
611
562
1369
961
668
657
565
519
1128
611
1840
595
634
512
667
577
781
1398
851
789
530
567
648
784
597
803
856
847
886
639
692
714
1929
737
912
506
651
781
535
922
851
586
503
664
630
565
1232
671
1035
957
750
1916
1503
2070
952
699
751
524
598
688
1076
819
556
872
1440
930
594
790
544
1075
516
666
5338
2878
784
580
855
983
567
1235
1384
755
604
866
554
1033
654
682
1306
701
561
838
1568
890
969
1740
538
553
572
658
814
830
809
634
565
720
543
789
759
762
1441
1388
1076
1249
895
720
694
673
564
683
541
624
2334
604
503
971
881
2389
514
598
660
821
764
563
597
591
1855
1400
2453
913
658
619
1502
537
719
694
543
945
972
724
727
753
594
510
779
739
527
595
716
1334
623
585
585
573
508
784
3797
615
532
657
644
675
2592
563
556
544
728
1148
746
977
514
565
621
670
704
728
553
1076
886
886
698
1326
1883
1213
695
889
2675
525
1215
544
1118
1442
961
815
525
643
517
984
608
570
1126
545
651
1509
565
514
1110
535
550
1326
641
735
2165
1048
647
551
515
843
869
539
591
651
758
754
872
1869
667
630
629
618
1376
541
749
725
530
747
517
1631
581
520
680
1010
535
1192
527
528
568
676
1547
735
1065
668
520
845
520
853
1641
2745
505
504
1061
2744
1304
1310
843
522
760
639
601
1348
1010
569
1107
1220
638
586
2262
615
841
692
692
668
512
832
640
505
563
1049
677
4742
566
502
1012
2834
553
737
585
710
515
646
616
1879
837
1312
857
750
620
564
899
580
798
954
824
2012
4084
568
686
806
702
514
619
630
928
716
615
1690
1313
561
821
655
907
1274
1247
578
602
3959
589
831
578
589
1762
791
560
1369
702
1152
1780
554
670
1412
588
519
1184
598
612
602
537
3973
1581
568
1008
662
670
500
531
823
798
696
711
593
797
832
743
600
979
536
635
1370
1348
1087
521
537
637
652
630
631
725
538
627
812
775
580
570
559
646
533
684
1211
523
1816
3032
4213
1384
4270
767
780
661
549
649
782
632
633
1429
1537
3326
1103
632
716
503
7245
1708
836
2139
1848
830
1103
516
506
504
754
618
687
630
738
771
791
1296
1159
852
885
1072
1123
1165
500
1603
500
1291
766
885
1256
1286
1457
1738
549
527
614
633
1173
591
679
799
687
582
1425
1270
538
1244
1440
1326
1141
1453
504
613
1209
531
560
590
2404
2288
2903
1594
535
1516
596
674
505
580
554
1157
544
592
1457
2413
993
678
523
620
1950
904
569
505
576
687
641
559
945
561
2239
4152
2224
1028
1148
1627
1187
508
746
1711
543
1883
2322
1633
1717
651
2187
841
608
951
1798
524
728
1275
966
740
604
839
508
524
955
511
1044
512
1242
682
585
702
703
653
890
531
541
591
523
566
691
1391
733
583
1049
1153
1708
583
544
2245
754
659
1832
715
675
1069
1258
685
632
733
559
514
553
799
686
686
763
569
915
951
626
734
697
506
825
740
657
1348
678
694
730
1707
603
563
616
596
503
837
970
762
553
1382
517
1448
506
590
714
707
623
844
603
713
1117
1944
822
593
871
625
1093
626
2185
520
690
783
590
509
575
619
1535
1348
673
705
2416
699
562
1741
514
515
666
1712
839
986
1267
546
642
513
593
851
718
1187
710
822
746
819
1239
501
1033
588
1721
3640
543
819
563
586
533
506
665
665
603
1951
608
1064
569
504
605
678
648
934
915
661
1112
1035
575
599
524
908
509
522
911
3979
6422
769
543
557
919
543
607
609
641
762
544
568
608
619
551
879
734
572
653
1083
555
516
768
794
1215
1143
835
631
655
510
1181
523
745
1021
1395
644
662
588
1431
2815
2768
504
584
646
554
1159
542
587
743
2862
1187
688
650
733
3117
1524
1166
3813
784
697
1966
1063
5710
1222
2594
1394
695
757
565
3265
1744
980
586
564
564
530
661
510
1379
2112
1011
542
708
1274
641
535
764
793
685
915
608
504
819
636
543
870
604
2511
501
594
4974
1130
1310
550
934
596
768
756
640
944
1145
682
577
547
1904
1661
916
737
1471
1287
2561
542
896
742
500
687
745
718
637
511
916
519
877
914
1621
573
645
2002
855
1134
759
618
1376
711
683
774
507
689
928
639
742
780
537
517
821
1315
1159
541
547
1894
877
541
578
1838
698
863
530
635
664
959
1786
528
1885
873
696
944
608
587
523
724
514
854
4775
3234
714
2049
3797
959
689
810
4179
597
560
691
1385
1977
1116
513
642
692
672
561
1198
596
573
504
524
1627
524
720
502
573
509
860
733
1041
842
512
1934
1633
566
842
846
1009
962
674
627
709
683
693
814
901
560
731
800
548
584
544
1031
1048
1065
2032
1570
596
898
553
1083
1619
649
596
668
1358
2208
1215
1139
591
732
557
523
713
537
1528
1186
887
1615
2059
556
1156
540
568
531
836
732
503
501
737
516
1235
620
857
567
625
579
1142
589
674
1349
599
871
770
1291
799
761
1162
543
505
1109
782
5525
724
1909
516
985
696
709
603
612
660
2427
4688
959
1237
1499
1732
1184
1050
1813
1663
1490
1267
1841
697
780
762
660
744
512
541
599
542
811
779
512
1043
577
556
638
1328
575
514
527
998
696
675
728
555
2345
606
898
574
626
934
932
695
4762
522
708
1085
973
886
671
627
558
1210
905
2824
568
3065
593
1506
855
1368
839
573
596
1565
587
534
856
3358
965
644
1353
1002
609
582
504
773
551
504
625
1062
8088
756
515
774
1748
914
516
682
678
571
531
3282
986
1001
539
683
655
1003
951
892
1413
500
691
691
557
557
525
525
574
1873
671
541
705
1873
671
541
705
614
614
662
662
528
528
539
560
543
1515
1540
963
560
543
1515
539
1540
963
1053
742
761
1053
742
761
695
695
612
673
673
521
521
618
618
783
2386
553
822
2664
2386
783
553
822
2664
1558
1853
1253
1175
997
529
984
1853
1253
1175
997
529
1558
984
890
540
649
590
611
540
890
649
590
611
1004
1004
641
641
584
643
532
584
643
532
594
594
696
633
571
698
581
1157
1354
1404
633
571
698
581
1157
1354
1404
696
993
993
538
538
561
671
561
671
572
572
909
573
909
573
722
722
561
609
561
609
521
521
972
528
620
504
693
833
580
528
620
504
693
833
972
580
559
3165
1800
559
3165
1800
8600
8600
603
978
559
1429
3583
506
978
559
1429
603
3583
506
561
604
884
954
561
604
884
954
528
528
511
511
696
532
614
696
532
614
878
878
3861
2786
3861
2786
562
562
2023
2023
2687
2687
4354
709
2982
2655
4354
709
2982
2655
502
709
709
893
893
677
677
663
663
714
2556
1057
2048
612
1015
1534
2556
1057
2048
612
1015
714
1534
546
546
1445
902
1445
902
694
694
712
712
761
761
999
2221
999
2221
1321
1321
526
526
568
568
568
522
824
822
568
522
824
822
672
672
1002
2988
1002
2988
1980
1025
624
577
658
2170
1025
624
577
1980
658
2170
573
573
603
520
603
520
508
508
717
1865
3090
717
1865
3090
570
570
561
661
1013
1031
1013
1031
3193
580
721
3193
580
721
605
738
531
1009
709
656
659
738
531
1009
709
656
605
659
814
814
860
860
725
940
940
646
646
752
752
548
548
577
669
783
527
577
669
783
527
839
1386
839
1386
568
590
568
590
529
529
1107
2875
1107
2875
613
613
749
749
653
519
605
846
785
557
557
741
741
615
1415
1252
1389
615
1415
1252
1389
782
782
551
551
510
510
744
744
858
858
912
912
736
736
691
691
753
753
783
523
783
523
788
4023
720
1677
748
4023
788
720
1677
748
642
642
1041
1041
517
517
787
598
523
1153
645
604
588
598
523
1153
645
604
787
588
604
604
954
954
589
604
604
1028
733
675
1028
733
675
597
597
833
583
683
833
583
683
749
749
625
696
625
696
614
533
614
533
576
576
2237
1473
577
544
533
1473
2237
577
544
533
2709
1454
2709
1454
899
899
536
536
1144
1144
1988
1988
1315
599
658
836
1315
978
535
1060
712
584
636
978
559
758
599
658
836
535
1060
712
584
636
559
758
778
778
794
858
926
794
858
926
612
612
699
699
879
846
879
846
811
811
581
581
657
1136
651
1989
3177
826
642
1136
651
1989
3177
826
657
642
875
875
985
1932
1347
1010
985
1932
1347
1010
694
570
2972
3141
694
570
2972
3141
769
769
515
515
528
528
2257
771
574
613
664
771
2257
574
613
664
1100
735
986
1264
656
588
588
666
666
737
787
551
737
787
551
627
517
875
716
999
1440
590
1065
534
647
568
517
1029
961
964
863
838
714
678
905
761
752
533
1137
565
1383
1101
1716
645
533
752
639
512
585
537
554
621
513
711
528
744
556
537
531
1318
619
1063
597
1416
627
695
1519
1550
681
1413
713
1041
538
727
1300
2472
777
526
663
533
584
547
692
1527
2260
657
1216
560
2230
613
689
629
725
1477
875
1486
2052
713
1634
591
537
819
1122
3586
905
532
752
714
965
835
1540
934
646
552
834
502
540
616
558
504
701
997
880
746
1329
884
936
1545
1027
3818
523
3388
679
545
2730
1341
1010
724
577
785
1027
4940
961
868
1193
634
708
2470
512
935
1822
654
676
1180
663
1458
810
1355
998
856
720
1027
596
535
2416
1290
946
572
514
746
689
7220
1099
1170
563
809
1606
1240
606
568
694
708
962
1434
666
535
529
718
750
717
3914
579
755
788
2100
4397
651
1045
892
733
1219
793
656
503
1084
648
690
1687
525
583
624
1039
687
807
855
510
515
589
744
945
500
659
626
698
544
1253
835
2654
1160
901
843
554
592
547
712
507
546
893
635
632
3268
599
3442
560
732
623
636
1028
518
551
511
561
917
1851
1562
536
528
510
628
508
990
1067
2534
502
816
513
4249
570
643
550
723
931
809
547
593
654
1225
864
670
631
563
1647
611
706
605
747
596
577
930
555
639
654
953
961
594
639
714
548
672
1009
512
823
525
504
543
662
789
2090
557
