2217
4122
1322
1033
2327
1665
1045
1193
1289
1018
4456
1180
3833
1522
1256
2178
1923
1283
1304
1002
1304
1511
3047
1231
2706
1473
5301
1287
1925
1159
1033
1336
4001
1702
1025
1043
2248
1953
1029
1187
1058
1219
1077
1038
1049
1924
2176
1547
2103
1100
1660
1162
1368
1045
1089
1879
2875
1641
2424
1266
1148
1912
1119
1160
1608
1493
1061
1291
1282
1163
1459
1285
1103
1025
1124
1297
3022
1015
1071
8620
7363
1509
1008
4998
3758
1094
1103
2069
1811
1028
1239
1176
2387
2647
2214
1772
2057
1013
1155
1069
1079
2042
1039
1122
1352
1435
1526
1389
6647
7170
3089
3524
1655
1437
1412
2613
1043
1245
1444
1639
1126
3050
11598
2316
1952
1670
1891
1306
1026
1466
1555
1866
1697
1429
2001
1206
1103
2445
1233
1770
3083
2164
1201
1026
1183
1498
2296
2423
1012
1193
2325
1938
3114
1025
1883
1223
1035
4375
1331
3417
1026
1046
1232
2155
1295
1039
4456
1025
1158
1927
3040
1078
3032
2301
2724
1905
6921
2003
1170
1776
3421
1074
1806
1812
4018
1260
1826
1243
1074
2281
1053
7719
1023
2023
3066
1103
1986
1178
2945
1126
2300
1775
1224
1592
2504
1381
1498
1096
2607
3282
2128
3792
2033
1523
5877
1201
1358
1136
3404
3557
3539
2437
2624
2169
1177
1043
1083
1949
1736
1995
2764
1424
3138
2148
2715
1167
1174
1211
1138
2196
1099
1299
1900
1387
1422
4214
1865
1685
2222
1503
1463
1075
2815
1071
2175
1277
1150
1004
2227
2034
1225
1286
2748
1365
1624
2555
4146
1393
2140
3020
1335
1302
1300
1206
1110
1214
2457
1486
1945
1074
1126
1521
2824
2026
1053
1129
1511
1074
1071
1524
1768
2395
1639
1118
1085
1247
1701
1031
1562
1364
1591
1371
1027
1139
1249
8505
1008
1420
1412
1186
1779
1267
1427
1075
1092
1030
1007
1020
1292
1085
1186
1063
3487
2270
1537
1070
2171
3470
1520
1222
1025
1436
1637
1202
1027
1520
3379
1081
1128
1185
4137
1648
1136
1013
1207
2069
1095
1117
1848
1253
2374
1070
1042
1244
1088
1351
1292
1087
1521
1872
1048
2857
1665
1214
1026
2656
4595
1691
1159
1871
4490
1289
1075
1102
2204
1115
1444
2535
1119
1922
9663
6821
1223
1601
1937
1841
1139
1330
1648
1114
2333
1296
1041
5830
3283
2574
1030
1171
2362
1334
1041
2209
2194
2504
2751
2588
3740
1073
1114
1417
1969
1113
1105
1050
1590
1495
1345
1324
1022
4578
1319
1322
1125
1336
1068
1248
1151
1121
2001
2109
3650
1123
1161
1219
1995
2459
1039
1642
1021
2290
1545
1282
1593
1573
1032
1185
1201
1070
1486
1813
1569
1644
1281
2098
1131
2707
5321
1640
1225
1160
1243
1147
1071
1594
1405
1183
1390
1328
1014
1345
1490
1058
2946
1664
1235
1166
1100
1625
1476
1528
1718
1563
7329
2368
2232
1478
1234
2298
2500
1040
4232
1632
2047
1029
1007
1103
1055
1420
1613
1888
1730
1986
1154
1322
1406
1546
1294
1239
1167
4049
1245
1074
1617
1343
1498
1025
1839
1430
1359
1357
1245
1201
1990
1429
1104
1329
1636
1006
1254
1163
1144
1248
1080
3647
3693
1025
1640
1227
3998
7934
1991
1307
1656
3522
1288
1210
2041
1056
1196
1155
1189
1704
2001
1622
1193
1024
1281
4807
1001
1213
1523
2097
1155
1639
1174
1369
1058
3586
1201
1868
1160
1345
1087
1038
5223
1140
1154
1352
1736
2400
1640
1159
1058
2190
3233
1499
1209
2032
2285
1771
2783
2145
1867
3111
2738
5013
1513
2633
1840
1107
2923
1006
1522
2406
1237
1140
1254
1015
1934
1254
2180
2920
3241
1107
1538
1919
2777
1196
1102
1136
2451
1122
1272
1036
1154
1761
1153
1686
2053
1326
1533
1373
1272
2713
2088
1263
3022
2274
1732
1219
1388
1539
2149
1458
1677
3754
7116
5672
2086
7186
7278
1035
1076
2000
1116
1957
1082
1752
1247
1003
1464
1214
1187
1337
1233
1320
1433
1001
1000
1077
1225
1205
2384
2762
1726
1101
1261
1515
1523
1108
1032
1699
1209
1927
1349
2865
1238
1661
1744
1378
1868
1231
1253
2132
1523
1401
2169
1847
1103
1000
1282
1282
1687
1260
1195
1234
1457
1907
1091
1507
1665
1181
1190
1359
1039
1234
1165
1330
1073
1477
1369
1128
1840
1398
1929
1232
1035
1916
1503
2070
1076
1440
1075
5338
2878
1235
1384
1033
1306
1568
1740
1441
1388
1076
1249
2334
2389
1855
1400
2453
1502
1334
3797
2592
1148
1076
1326
1883
1213
2675
1215
1118
1442
1126
1509
1110
1326
2165
1048
1869
1376
1631
1010
1192
1547
1065
1641
1310
1348
1010
2745
1061
2744
1304
1107
1220
2262
1049
4742
1012
1879
1312
2834
2012
4084
1690
1313
1274
1247
3959
1762
1369
1152
1780
1412
1184
3973
1581
1008
1370
1348
1087
1211
1816
3032
4213
1384
4270
1429
1537
3326
1103
7245
2139
1848
1103
1708
1165
1603
1291
1256
1286
1457
1738
1296
1159
1072
1123
1173
1425
1270
1244
1440
1326
1141
1453
1209
2404
2288
2903
1594
1516
1157
1457
2413
1950
1633
1187
1711
1883
2322
1717
2187
2239
4152
2224
1028
1148
1627
1798
1275
1044
1242
1391
1049
1153
1708
2245
1832
1069
1258
1348
1707
1382
1448
1117
1944
1093
2185
1535
1348
2416
1741
1712
1267
1187
1239
1033
1721
3640
1951
1064
1112
1035
3979
6422
1083
1215
1143
1181
1021
1395
1431
2815
2768
1159
2862
1187
3117
1966
1063
5710
1222
2594
1394
3265
1524
1166
3813
1744
1379
2112
1011
1274
2511
4974
1130
1310
1145
1904
1661
1471
1287
2561
1621
2002
1134
1376
1315
1159
1894
1838
1786
1885
4775
3234
2049
3797
4179
1385
1977
1116
1198
1627
1041
1934
1633
1009
1031
1048
1065
2032
1570
1083
1619
1358
2208
1215
1139
1528
1186
1615
2059
1156
1235
1142
1349
1291
1162
1109
5525
1909
1499
4688
1237
1732
1184
1050
1813
1663
1490
1267
2427
1841
1043
1328
2345
4762
1085
1210
2824
3065
1506
1368
1565
3358
1353
1002
1062
8088
1748
3282
1001
1003
1413
1873
1873
1540
1515
1540
1515
1053
1053
2664
2386
2664
2386
1558
1853
1253
1175
1558
1853
1253
1175
1004
1004
1157
1354
1404
1157
1354
1404
3165
1800
3165
1800
8600
8600
3583
1429
3583
1429
3861
2786
3861
2786
2023
2023
2687
2687
4354
2982
2655
4354
2982
2655
1534
1015
2556
1057
2048
1015
1534
2556
1057
2048
1445
1445
2221
2221
1321
1321
1002
2988
1002
2988
1980
2170
1025
1980
2170
1025
1865
3090
1865
3090
1013
1031
1013
1031
3193
3193
1009
1009
1386
1386
1107
2875
1107
2875
1415
1252
1389
1415
1252
1389
1677
4023
1677
4023
1041
1041
1153
1153
1028
1028
2237
1473
2237
1473
2709
1454
2709
1454
1144
1144
1988
1988
1315
1060
1315
1060
1136
1989
3177
1136
1989
3177
1932
1347
1010
1932
1347
1010
2972
3141
2972
3141
2257
2257
1100
1264
1440
1065
1029
1137
1383
1101
1716
1519
1550
1413
1041
1318
1063
1416
1300
2472
1527
2260
1216
2230
1477
1486
2052
1634
1122
3586
1540
1329
1545
1027
3818
3388
2730
1341
1010
1027
4940
1193
2470
1822
1180
1458
1355
1027
2416
1290
7220
1099
1170
1606
1240
1434
3914
1045
1219
1084
2100
4397
1687
1039
1253
2654
1160
3268
3442
1028
1851
1562
1067
2534
4249
1225
1647
1009
2090
