2573
3467
2612
1383
1765
1613
1102
1350
2290
4229
1394
1038
1160
1107
2963
1023
1120
1699
4102
1035
1551
3635
1394
2546
3056
1057
2614
1296
1148
1614
1404
4551
1861
1229
1364
1092
1111
1157
1078
1129
2721
1152
4364
2647
1363
1494
4086
1232
1164
1513
1887
5460
1213
2350
1489
1469
1536
1518
1038
1122
1051
2125
2471
1402
1085
1022
1019
1119
1178
1869
2521
1178
6545
1213
5529
1773
1772
1334
2499
1015
1016
1265
1942
1008
7288
1785
1730
5334
4000
1229
6969
1248
1559
1677
1086
1198
3232
1101
3007
1085
1146
1002
2317
2050
8271
1891
3067
1252
2651
1823
3266
1517
1013
3939
5200
1173
1446
2688
1090
1904
1440
4788
1756
1093
1238
1323
1454
1137
1148
1444
1927
1031
1503
1819
1374
1344
1451
2760
1084
1825
2466
1315
1136
1032
1222
1262
1006
1950
1343
1854
4349
1139
1801
4415
1241
3557
3031
1732
1899
4481
3382
1060
1852
1218
1084
1242
1310
1969
1186
2060
1127
1284
1275
1078
3216
2685
1279
1615
2570
1486
1462
1603
2437
1896
1138
9213
2682
1102
2323
1338
2145
3076
2870
5215
1341
2657
2397
1675
9200
1234
1354
2488
2127
2382
2102
1625
1281
2097
2458
3704
1011
3440
1218
2819
3475
1582
2524
1290
1358
1403
1226
1263
1343
1038
1048
1717
1108
1128
1186
1176
1484
3421
1631
1578
3709
2555
1142
1582
1287
1949
1425
2840
1275
1573
2456
4267
1355
1441
1027
1221
1984
3757
3525
1080
1215
1047
9043
1451
1344
1243
1374
1466
1049
1186
1725
2676
1172
1803
1109
1225
1219
1230
3001
1020
1138
1324
1877
1980
1594
1810
1045
1799
1730
1307
1396
1102
1198
1221
2818
1572
1151
1655
1397
1895
3560
1236
1054
1132
1341
1195
1019
2249
1137
1328
1372
1121
1113
1474
1428
1870
1701
3119
2155
1909
1129
1032
1015
1058
1154
4474
1283
1097
1068
1456
1121
1056
1283
1483
1168
1261
2350
5034
1984
1445
1202
1481
1351
1213
2292
1290
1324
2454
8668
1437
1942
1007
1038
1948
1037
1718
3372
1200
1974
1584
2175
1111
1654
1984
1260
1004
2491
1095
1278
1129
1422
9080
1030
1656
1076
1256
1476
1387
4373
2158
2947
1272
1175
1166
1538
2563
1133
1607
13513
2504
1578
2819
1334
5174
3329
6063
1240
1153
7005
1418
1212
4637
2525
2858
1773
1292
9712
1301
2817
2313
1274
1960
1249
1109
1210
1130
1108
2344
2739
1269
1141
1151
1580
1257
1152
1744
1037
1489
1096
1533
1383
1507
1987
1013
1958
1009
1171
1349
1211
1373
1197
1119
1003
1604
1285
2286
2132
1412
4366
1094
1519
1236
2802
1329
1337
1104
1076
1058
1656
1013
1395
1098
1112
1412
1193
3441
1327
1365
1238
2387
1566
5909
1443
1136
1584
11965
7833
1202
1669
1218
1499
1078
1247
2291
2361
3155
5599
3383
2922
2535
2006
1078
1189
1136
1285
1029
1492
1496
1722
1098
1066
1589
1306
2091
1214
1310
1565
4605
1481
3607
1250
5655
1142
1688
1922
1137
1083
2004
1736
1650
1264
1558
6893
1275
1145
2340
2094
1468
4060
11675
5548
2571
4929
1116
1898
1510
3269
1095
1987
1557
3054
1326
1911
1477
1993
2080
1446
1055
1218
1548
1066
1515
2200
1071
1906
1170
1304
1830
1126
1680
1039
1647
1762
2740
5720
1288
2370
1791
2980
1220
1653
2646
5176
2945
1149
1111
1141
1959
6622
2172
1384
1268
1256
1789
2302
2163
1206
5854
2287
1259
1081
1568
1137
1170
1254
1501
2761
1020
1891
2027
2080
1235
1115
2058
1044
1349
1053
2154
1312
1245
1424
1897
1347
1335
1459
3092
1167
1126
1169
1506
1737
1103
2468
1000
1656
1113
1449
1367
1793
2754
1055
1787
1386
1015
2124
1335
1320
1017
2431
6553
2346
1182
1793
1074
1935
1326
3617
2485
1546
1120
1313
2658
2218
1168
3656
5110
2209
1454
1240
1103
1398
1315
1040
1080
2357
3127
2350
1330
1350
1101
3695
2621
2174
1092
1442
1022
2235
1077
1285
2102
1349
6554
2064
3884
5488
3698
1349
1057
3519
1158
1064
2202
1620
1104
1888
1573
1093
4380
1084
1113
1144
3069
1893
1222
1146
1067
1055
1444
3116
1607
1265
1390
1544
1431
5199
1153
1145
1060
1587
6280
1217
1389
1071
1138
1918
1136
1465
5715
1300
1268
1168
1239
1517
3372
8538
5933
1013
1116
3466
1097
2173
1092
2204
1845
8126
1498
1118
1312
1044
4555
14398
2124
1135
1235
1224
1099
1133
1070
1038
1157
1876
3382
4153
1768
3773
2452
3107
3344
1154
1833
1243
1292
1060
1072
1353
1252
1710
2342
1180
2516
1023
1172
1344
1563
1165
1463
1177
1314
1012
1463
3435
2674
1047
1152
5616
4058
5130
2882
1146
1293
1506
1009
1500
2920
2494
1146
1038
1199
2914
1781
2386
1150
1516
1221
1085
1801
1001
1616
1143
2114
1506
1118
2222
1644
2369
2193
1459
9357
1087
1197
1435
1008
1023
1532
1037
1005
1427
1187
2102
1122
1084
2733
3074
1455
4254
1202
1809
1114
1194
1076
1182
1261
2423
1934
3576
1075
1120
1170
6126
3526
1003
1516
1337
6934
1802
1234
1037
2560
1026
2035
1747
2195
1139
1617
1459
1535
1263
2849
1452
1069
1919
1170
3357
1062
2577
3105
1027
3257
1700
1074
1103
4603
1134
1568
1278
1888
2769
3004
1141
1344
1126
1171
1008
1136
1048
1555
3588
2389
1394
2534
2192
1189
1046
1919
1542
1268
2264
1396
7717
1524
1351
2175
1112
2665
1597
1098
1091
1385
1518
1320
1025
1016
1703
1002
1424
1310
1847
1359
1121
1022
1844
1369
1136
2044
1132
3504
2517
2994
2117
3655
1029
1954
1915
1610
1100
3190
4302
3477
4903
1041
1297
2045
1605
1082
1187
1334
1725
1217
1353
1196
1033
2127
1471
1100
1128
1254
1046
1581
4049
8197
2050
1770
1835
4849
1739
1528
2861
2001
1690
1324
1838
5674
3607
6261
1454
1082
1532
1672
2096
1076
2660
1012
1355
1069
1025
1828
1186
3349
1593
1016
1152
1321
1093
1013
1447
1677
1119
1033
1646
1408
1030
1072
1435
1424
2421
1659
1986
2685
1927
2009
1093
1641
1197
1482
1458
2131
1326
2262
1365
1045
2272
1294
3181
1870
2064
1989
1469
2653
1497
1043
1461
1446
1111
1421
1138
1031
1088
1077
4260
1745
1604
2144
2921
5830
2219
3608
1204
1414
2205
1095
3245
1071
1487
2104
1217
2103
1032
1215
1440
1006
1196
1018
1261
1202
1566
1477
1044
1989
1070
1411
1282
1049
1414
1452
1015
2703
2408
1081
2214
1227
1071
2417
1160
1163
1205
1487
1959
4893
1562
1939
1510
2035
1224
2230
1074
1298
1242
1377
3011
2369
1310
1736
5023
2151
1418
1014
2519
4296
1731
1148
2817
1748
1328
1202
1841
1160
2084
1306
1431
1607
1401
1323
2030
1028
3962
1718
1017
1126
2903
1092
2540
1086
2185
2514
1563
1731
1156
2469
1161
1422
1079
2539
1618
1328
1024
2058
3467
1475
1310
5369
3945
1125
1034
1022
2975
2032
1630
1727
3139
3573
3715
1297
2077
2665
1322
4322
1204
1238
1170
1450
4198
1439
2993
1224
1017
1575
1112
1723
1062
1246
1210
1515
8314
1395
2147
1012
1162
3035
1332
1249
1337
1355
2893
1367
1290
1017
1734
1586
1514
2026
1908
1269
1843
1582
3705
3810
2364
1235
1446
1633
1200
1126
2681
2701
2399
1101
1061
1331
1194
1220
1111
1054
1415
1120
1011
1014
1105
2906
2363
1092
1717
1190
1068
4514
4658
1384
1476
1076
5870
10369
2131
1782
1250
1137
1591
1398
1177
1193
1184
1648
1589
1130
2543
1337
1048
2586
1036
1150
1035
3147
4253
2813
1050
1200
1041
1797
1259
1468
1041
2596
3463
1780
1015
3275
1211
1133
1019
1305
1078
1131
1302
1946
1590
1984
1385
1461
1001
1139
1463
1395
1565
1851
2435
1061
1704
1088
1022
1099
1188
4090
1401
1215
3260
2450
3296
1585
6439
1424
1272
1104
2177
1662
1770
1038
1588
2481
2195
1052
1058
1664
1202
1137
6139
4136
1588
1376
1819
1062
1298
1013
1018
1381
1431
2017
1144
1749
1103
1858
1182
1274
1008
1355
1019
1377
1440
2086
2625
2820
1181
1660
10326
1069
3345
1193
1219
1027
1260
2086
1165
2192
1221
2071
1053
2296
1072
1013
2846
1422
1333
1136
1808
1574
1287
3595
3700
1240
1833
2637
1214
1499
1291
2611
3947
1241
1047
1520
3691
1146
1623
1635
2262
1574
2966
1158
2187
1017
1058
1040
1830
1670
10318
2471
3384
1830
1618
1079
2472
2983
1570
1113
1188
1618
1139
1090
1049
1078
1355
2164
1312
1316
1005
1697
1481
1126
1859
1556
1413
3699
2425
1764
1068
1626
1080
2313
1721
2091
4960
1758
1050
1175
1284
1333
3605
2509
1121
1367
2671
1280
1103
1098
4897
1578
1218
1172
3569
2099
2583
1520
1158
3732
3593
4306
1150
1286
1656
1252
1089
1245
1453
2001
1390
1268
1240
1120
1020
1244
1424
1040
1134
2221
1065
1000
1062
1068
2242
1207
1656
1023
1582
3427
2719
1635
1705
8744
5102
2040
3407
8677
2427
2546
2765
2505
1427
1249
1406
1246
2027
1636
1154
3056
2529
2130
1376
1004
1026
1006
2471
1057
2761
5940
3379
1576
1829
1441
1583
1259
1537
1018
1031
1336
2322
1231
6364
2076
1103
1081
1645
2027
1042
1144
5022
1418
1013
1091
1201
1227
1171
4318
1041
1310
1295
2594
1432
2667
1126
2365
1041
1998
1105
1138
1204
1379
1286
1321
1135
1038
1082
2875
3518
1350
1181
1045
1369
1889
1288
1618
2067
1250
1112
3137
1009
1047
1911
2066
1910
1542
1011
1079
1144
1015
1191
3512
2431
1057
1166
2603
1668
3170
1223
1468
1170
1044
1270
1170
1226
1635
1296
1153
1144
1771
1749
1014
1057
1173
1389
1196
1446
1420
3083
3571
1042
2895
1243
1030
1334
1186
1246
1055
9936
1911
1018
1159
1173
1329
1588
1756
1459
1616
1284
3385
5097
1269
1735
1160
1413
1562
1384
1440
2483
2516
2742
1049
1238
2305
1186
1279
1749
3015
1007
1152
1179
1303
1383
1556
2058
5095
1758
1147
1799
1631
1654
1334
1222
1198
1336
3744
1318
2065
17807
1115
1389
1493
1273
1436
1059
1147
1385
1311
1574
2057
5102
1396
1027
2341
1355
1717
1684
1599
1164
1230
2027
1828
3376
1533
1493
1497
1637
1231
1355
5632
2355
2391
3829
1301
1173
1622
1530
2725
1214
2659
3840
1081
1505
1598
1113
1189
1262
3398
1135
1450
1940
1170
1159
1121
1174
1667
1291
1362
1177
1260
1037
1097
1307
1277
1614
1073
1445
1621
1358
1117
1035
1953
2144
1028
1172
1232
3678
1004
1133
1368
1009
1078
2112
1046
1906
2214
1117
2850
1766
1026
1112
1506
1150
1620
1119
3698
3891
1108
3210
1367
14704
2561
2771
1961
1183
1056
1277
1335
1328
1092
2746
1865
2427
2106
1060
6673
3580
3885
1043
1236
4338
1095
1045
1258
5156
2835
3609
1828
1014
1140
1098
1371
1010
2806
2156
4976
1078
1027
2199
1235
6148
1213
1266
1288
1142
1454
1398
1103
1028
1055
1905
1844
1074
1270
1020
2575
1197
2663
1127
1001
1260
2264
2133
2251
1242
3925
2623
1005
5474
1721
2830
1086
1116
1251
1611
1522
1217
2271
3414
1400
1041
1214
1769
1000
1458
1071
1071
1200
1158
1031
2068
1440
2621
4652
1127
1344
4914
1368
1108
1489
7932
2664
1882
2460
1288
1026
1079
1028
3082
1196
1295
1086
1003
1849
1280
1036
1034
1706
1560
1077
1667
1049
1379
1188
1757
1605
1459
1006
1080
1764
1380
1049
1207
1089
1110
1366
1125
1417
2340
1763
2494
1141
1503
1288
1589
1006
1820
1000
1767
1229
2420
1618
1336
1128
1246
1126
5444
2164
4334
1099
1304
1234
1308
1006
1143
1189
1908
1022
1197
1015
1428
1978
1431
1353
1194
2080
2652
5194
1769
3092
4125
4321
3098
1089
5377
1097
1281
2086
1294
3964
2272
1150
3596
1609
3086
2117
1858
2896
1341
1234
1267
1244
2003
1775
1279
1082
2330
1253
3259
2579
1348
1724
3242
1714
1152
1109
1424
1149
1363
3516
4116
1234
1372
1744
1308
1502
1461
1586
3353
2149
1204
1151
2854
2219
1979
1795
1014
1018
1933
1259
5444
2282
1019
1157
1313
2039
1725
1189
1399
3124
1768
3710
2394
3485
1582
1106
1158
8286
1525
3191
1488
1156
2194
1036
1072
3856
1513
2011
1210
1229
1130
1070
1242
1737
1555
1379
2936
2174
1376
2210
1109
1806
1123
1667
2645
1413
1941
1047
1945
1229
1948
1537
1112
1076
1623
1101
2957
1531
2109
2296
1139
1100
1625
1190
1995
1262
1035
1293
1869
1682
6866
4402
1582
1346
1136
1384
2345
1582
1256
1141
2026
1417
1467
1106
1117
1696
3729
1061
1395
1427
1210
1001
2615
1819
1682
1178
1079
1515
1220
1111
1978
1221
1600
4086
1514
1038
2519
1428
1387
1930
1873
1300
1252
1903
1671
3966
2847
1084
1256
1689
1410
1175
1397
2102
2030
1258
1983
1753
1270
1367
1038
2109
1968
2281
5360
4009
1184
4254
1152
1075
1011
1308
3026
2592
1238
2621
13139
1957
1014
2915
1556
7388
3724
1163
4615
1100
1889
3113
1354
1249
1768
1376
1136
1510
1418
1121
2681
2882
4132
1231
1899
1227
1069
1084
1525
1618
2469
1200
1621
1186
1282
1929
2418
1010
1161
2777
3303
1131
2050
2024
2516
1075
2070
3542
1257
1705
1081
1454
1945
3713
1834
1054
1745
1593
2423
2039
2462
2085
2930
3451
1012
1076
2146
2167
1601
3377
1269
1008
6421
7076
11214
6821
16492
4092
6446
1077
1190
1453
1267
1994
1703
1042
1859
1002
1121
1601
6044
1032
1251
2525
1018
1502
1876
1277
1388
1138
1226
1444
1328
1303
1552
3092
1188
1277
1548
3196
3983
1869
1475
1192
1181
1833
1146
1580
1563
1668
1182
1180
1057
1317
1698
1604
3241
3086
2297
1991
1612
1057
1087
4478
2045
1981
8668
1270
1381
1775
1538
1089
1482
4312
2362
1024
2498
1193
1044
1170
1307
1771
1459
1238
1769
2097
4428
1553
1340
2099
1400
1114
1840
1106
1106
2510
1033
1215
1663
1178
1457
1034
1090
1393
1429
5053
4142
4487
1069
1788
1541
1065
1265
2724
1016
1617
1614
1294
1073
2610
1277
1312
4950
11505
1629
1049
1223
1267
9422
2171
1235
1349
1316
1418
1057
1103
1007
1294
2374
1314
4288
4957
1695
1489
2785
2551
1226
3706
1091
1245
1302
1336
1523
1510
1672
3427
1542
2028
2132
2643
2524
4457
1546
1513
3050
1041
1077
1491
1087
1338
2261
1853
2696
1000
1279
1034
1243
1316
4608
1237
1205
1330
3849
1900
1118
1837
1072
1524
2025
1325
2817
1006
1015
1965
2396
1268
4640
1237
1855
1770
2459
1846
1343
1037
1127
3852
4896
1264
1526
3418
1249
1136
1071
1606
1147
1889
2135
1864
1328
1495
1743
1241
1007
1663
4248
2595
4739
1197
1293
1262
2205
4439
1017
1249
1044
1589
1031
1381
1606
1007
1232
1904
8204
1391
1853
1084
1701
3148
1117
4582
1449
4012
2405
1416
1090
1163
1068
1019
1329
1206
2075
1856
1072
1482
1053
1300
1067
2413
1178
2625
3348
1247
2088
1911
1574
1651
1924
2022
2003
3357
1028
2433
6368
1484
1053
2115
1568
2381
1134
2091
1156
5247
2266
1262
2389
1136
1227
1032
2854
2653
1205
1620
1437
1832
4573
1664
1319
1691
1130
1116
1199
1113
1504
1641
1569
1030
1256
1733
1014
1553
1405
1611
1081
1995
3251
2400
4487
1060
1244
1176
2862
2813
3505
1608
1109
2132
5579
2369
1600
1718
1141
1079
2046
1321
2179
1020
1600
1357
2869
1339
1055
4870
4523
1770
1083
2296
2111
1022
1678
1226
1661
1141
1939
1032
1026
1016
1097
1597
1981
5756
2822
1399
1432
3614
7267
6648
1264
1926
1529
1184
1059
1090
1233
2798
1194
1592
1264
1048
1470
1131
1148
1027
1171
1026
2957
1793
2774
1240
2509
2189
1010
5342
5726
1301
2814
2353
1757
2152
1268
3845
1231
1146
4586
3219
2385
10300
1031
2064
5329
1715
1025
1734
2397
1066
1223
1893
1177
1051
1009
1649
1830
2894
1467
1292
2230
1404
1627
1514
2198
3075
1140
2454
1548
2003
2965
2590
1637
4766
1413
3109
1267
1697
1246
1108
2099
1120
2506
1845
1177
1709
1056
4016
1562
3669
1070
1175
1118
4142
1298
1176
1182
1237
1103
1062
1087
1439
1388
2392
1359
2311
1079
2188
2741
1008
2383
1080
2410
1827
1638
1302
1379
1097
1974
1702
1664
2304
2345
1893
1280
1162
1301
2031
1104
5083
2853
1230
2566
1002
1200
1375
1140
1459
1071
1518
1195
1581
2220
1200
1088
1841
1452
1082
1414
2821
2715
2683
1783
1024
1117
1549
1282
1231
1017
3091
1679
7317
2414
1176
1001
1305
2215
1052
1141
2056
1049
1309
1087
2079
2309
3292
1700
1929
1371
2184
1693
1481
1224
1501
2248
1166
1041
1838
3406
10867
1994
1254
1749
2377
1161
1004
1269
1320
1738
2452
3124
1088
1232
1059
2084
2632
3100
1723
1305
6916
1339
3100
2852
3117
1050
1096
2350
2094
2206
1667
1387
1578
1135
1228
4926
2161
2095
1196
1113
2124
4184
2165
1250
1385
3177
1043
1334
1700
1197
1453
2195
1511
1619
2398
1148
4050
3494
1606
1502
3511
1205
1654
3266
1170
2489
1502
1254
1168
1022
1249
1058
1112
2139
2771
1535
2048
11090
5796
1057
10038
1169
1057
7378
1372
2438
1120
3115
1383
1121
1061
1148
1411
1980
1131
1918
1518
2614
1208
1614
1024
1061
1020
1320
1085
1764
1259
1145
1291
1002
1577
1081
2426
1019
2390
1139
1306
3208
1618
1062
1328
2589
1354
1252
1012
1541
1198
1343
1208
1372
1260
1762
1116
2003
1723
1039
1411
1754
1484
1200
1108
1888
2892
3368
1322
2301
1205
2182
1247
3826
2633
1623
1008
1533
1460
1439
1633
1724
1205
1367
1052
1348
2566
1499
2557
1332
1421
1969
1504
1104
4466
1348
4190
1003
1171
1029
1152
1169
1570
1572
4828
2457
3278
2978
1006
2604
1408
1150
1259
1053
1057
1278
1558
1064
1741
1072
1018
1879
1620
1383
1076
3325
1414
1267
1001
1720
5710
1044
1352
1765
2757
1308
1045
1903
1863
1032
2248
4121
2295
1518
5504
1319
1848
1569
1615
1746
1031
1362
1819
1100
3926
4083
1889
1578
1149
1590
1891
1554
1042
1469
1381
1411
1450
2170
2328
2282
1673
1701
1219
1283
1191
1163
2115
1274
2187
1571
1081
1046
1048
1227
1945
1132
1403
1143
1588
1258
1363
1080
1791
1175
1180
4054
2612
2107
2413
2498
1595
1633
4000
1101
1056
3110
2762
2923
2035
1002
1053
1099
1027
4060
1053
2267
1561
1129
1028
1153
1123
3962
5632
1414
4510
2050
2235
1983
1068
1030
1500
1554
1403
1130
3849
1491
5379
2218
1123
1125
1021
1183
6485
1188
1259
2185
1344
5209
2947
2254
1618
1749
1001
1436
1075
2592
1146
2601
1479
1325
2160
1700
1038
1261
1280
1843
2320
1176
1685
2326
3265
1944
1062
3672
1149
1629
1215
1435
2150
1397
3027
1659
1770
1308
1081
1127
2016
1486
1328
1310
2051
1815
2177
1131
1612
1877
1213
5605
3019
1674
1120
1526
2533
1464
1290
1079
1542
1660
1670
3523
1712
1422
2962
3437
1354
1160
3127
1793
1630
4158
1748
1212
1125
3704
1408
1049
1422
1770
5411
1690
1457
1036
3123
5570
2937
1461
2276
1456
1020
1116
1601
1313
1037
3054
1041
1581
1693
1696
1122
1726
1075
1142
1815
2113
2424
1248
2164
2591
1350
8594
1020
1670
1362
1544
2183
3819
1253
1846
1366
1387
1750
1274
1035
1096
1066
1388
1517
3026
6401
1098
1096
1022
2617
1433
1093
1114
1094
1434
1382
1034
2736
1079
3606
1130
1018
2175
1262
1031
1124
2320
1191
2743
1103
1291
1040
5344
3652
1160
1726
1022
1231
1186
1939
1788
1232
1005
1076
1267
3644
1996
1865
1928
2480
1024
1308
1020
2047
2316
1010
1048
1535
1195
1043
1300
1056
1512
1570
1469
6465
3161
2019
5067
1160
1448
1019
1168
1103
2302
1272
2541
2170
1008
1410
1356
1057
1128
1887
1382
1967
1870
1530
1927
1039
1461
1276
1203
2866
6420
2943
2905
2231
2902
2839
1085
2434
1808
1446
1680
1067
1337
3921
1786
1983
2328
1552
1430
1659
1878
2051
1574
1047
1126
2115
2990
1117
3145
1043
1129
1307
4560
1213
1011
1287
1355
1085
1070
1310
1168
1391
1485
1007
3413
1171
1296
2029
1171
1162
5888
1494
1176
1050
1104
2325
1520
2796
1066
1062
1002
1026
1921
1076
1265
1092
1740
1039
1538
1745
1744
2387
1921
1320
1088
1185
1377
1232
3090
3043
1527
3881
3550
1113
1436
1188
1181
1046
1355
1189
1093
1020
1351
6897
10697
1264
1620
1988
1166
1445
3517
7699
1009
1007
1112
1619
1932
1060
2504
1085
2691
1419
1209
3534
1058
1227
2284
1121
1219
1427
3828
1165
1042
2851
1104
1506
1104
2111
1385
1227
3897
1544
3118
1504
1863
1377
1257
2131
2233
2776
2219
1597
1928
1581
1656
1015
1188
1046
1218
1446
1005
1278
1243
1152
1122
3003
1715
1094
1317
2360
1206
1560
1050
1059
2179
1850
3075
2142
1168
2511
1505
1347
2954
1267
1330
1149
1024
1282
1661
1007
2522
1060
1131
1197
2972
1467
1280
1004
1870
1010
1062
1820
4452
2246
1484
2506
2514
3529
1884
1138
1269
1023
3273
2044
13238
2088
1784
6206
5567
2944
1993
1904
1003
1073
2239
2728
1108
4964
1347
2234
1315
1156
2480
1149
2308
3599
2047
5154
1269
2744
5418
2722
3615
1028
1961
2347
2208
3001
2084
3615
2891
1713
1232
1438
1095
1087
2203
2448
2631
2290
1245
1403
1071
1209
3421
5808
1445
9173
1692
4751
1541
1154
1153
1102
6970
1359
1211
4546
3110
1793
1053
1273
1053
1097
1097
1081
1285
3249
2644
1144
1539
1148
1173
1218
1195
1265
1058
1396
1579
1138
3400
1166
1130
3972
2186
4481
1725
1832
1388
9281
4910
1235
1283
1943
3908
5461
1267
1863
4443
3081
1150
1302
1103
1412
1149
1615
1743
4276
1229
1031
1677
1377
2077
1033
1969
2181
3364
1260
1034
1186
1373
1213
1800
1023
1005
6699
1364
1013
1119
1192
1631
1333
2616
2750
1204
1147
2235
1762
1131
1007
1191
1851
2364
3607
1113
3717
1908
1144
2051
3509
6087
3586
1023
1068
2451
1330
1218
1894
1677
2712
1536
1575
1399
2447
2342
1964
1225
1526
1272
1060
1553
3759
3064
1569
1015
1039
1239
1052
4047
1863
1171
1259
1480
2147
1572
2753
1529
1466
1719
1085
1045
1039
1082
3461
1237
1223
1616
1295
1458
2193
1273
1379
1313
5298
1326
1588
1861
1281
1207
1440
1048
1150
1623
1041
1273
3834
1231
1151
2528
1062
1985
1527
1619
1502
1444
1047
1436
1390
1983
1159
1088
1134
1105
2060
1351
2565
1082
1143
1299
1175
9575
2343
5240
1035
1145
1891
1069
1288
1085
1054
1192
1262
1009
1158
1179
1754
1256
1080
6612
1209
1214
1192
1018
1578
2071
1129
3102
8160
2757
2511
1117
2758
2944
1137
1408
1203
1126
3150
1296
1052
2801
1855
1189
5769
3027
2136
1456
4842
1041
3049
1365
1173
1363
1054
3767
1168
3666
1368
1263
3124
1209
1031
1292
1038
4022
1137
1469
1030
1105
1267
1467
2424
1350
1672
1067
1333
1612
2960
1034
1266
1216
1379
1254
3938
2535
6472
3032
1001
3380
1227
2088
1279
2715
2425
1112
1025
2292
1550
2616
1975
1614
1528
3708
4450
1228
1971
3918
2396
1122
2724
1246
1148
1218
1126
6297
3399
1779
1178
4679
3295
2142
1089
1020
1060
2297
8667
2902
4854
1029
3591
2598
6410
1554
1439
1595
1361
1156
2693
1016
1439
1558
2956
1044
1031
1469
1444
1004
1129
1740
1680
1475
1621
1244
2567
2659
1230
1703
1493
2427
2175
1318
3358
4322
1642
1764
1424
1158
2457
6032
1251
1797
1144
1092
1234
1913
1553
1173
1006
1783
1703
1116
1483
1696
1676
1219
1885
2849
2838
1041
1127
1617
1019
1098
1442
1212
1774
1275
1013
1441
2185
1435
1032
1292
1192
1029
1055
2390
2047
2828
1633
2506
1204
1002
1055
1371
1498
2458
1091
1474
1078
1538
1653
1496
1131
2008
1026
1025
1102
1135
1429
3421
1202
1775
1082
1032
2180
1135
1502
1463
1503
3189
1002
1782
2799
2668
1383
1840
1398
1392
1886
1105
1063
2815
1973
1374
1387
1103
1212
1192
1201
1110
2354
1424
2358
1344
1541
1038
1372
3935
1846
1570
1644
2196
1250
2506
1094
6177
2861
1215
1076
2381
3005
1081
4123
3532
1701
2071
1296
1291
1120
1374
1300
1047
1280
1702
2130
2754
1532
4211
2534
1092
1093
2081
1113
5145
1980
1362
3215
1313
4535
1703
1058
1060
1147
1022
2252
1041
1080
1195
1517
1526
1802
1840
21901
1812
3815
1752
1257
1162
1979
1853
1165
1308
3397
5085
2079
3586
1078
1118
4121
3898
1497
1960
3023
1533
1994
3288
1806
1239
1642
1079
1627
1364
1092
1274
1012
1079
1956
1201
1035
2055
1140
1295
1017
11332
1107
1033
1694
1800
1526
1310
1081
1081
1062
1231
1408
1041
2224
1060
1983
1755
1097
1182
1465
1708
1092
1353
1006
1234
1753
2876
1555
2367
1103
1217
1716
1198
2105
2922
1614
1395
2134
1033
4969
1328
1191
1258
1032
1086
1141
1248
1804
1069
1131
1541
2173
7288
2737
3132
1404
3654
2639
7253
1425
1157
1087
1200
1150
2066
1803
1091
1541
8427
1034
1670
1772
1956
2928
3055
1075
1708
1568
1215
3191
4738
2172
1256
5778
1273
2700
4007
7041
6243
1055
1682
2774
1161
2799
1587
1593
2845
2304
1235
1033
1134
1425
2211
1015
1073
1570
1333
3141
1445
1434
1707
3194
2102
1082
1518
1156
1270
1326
1086
1019
1207
1372
1594
3479
1850
1830
1421
8222
2309
3626
1893
3587
1019
1173
1603
1682
1502
1932
1360
2508
1258
5342
1229
1193
2158
1814
2378
3087
1085
3561
1999
1013
2346
1772
1050
1717
1509
2523
1317
1324
2129
1057
1748
1026
1016
1241
1266
1797
1001
1258
1401
2068
1954
1397
1692
1421
1135
1861
2398
1038
1987
1356
1784
1425
1647
1065
1284
2528
1582
1325
1687
1168
1052
1144
1542
5058
5654
2249
1431
1626
1945
2404
1565
1206
1195
14975
1337
1168
1887
1127
1027
1869
2912
1178
3426
1643
1032
1199
9551
3136
5458
1090
2413
1863
1318
1325
1111
1086
8262
1162
3111
2822
1309
1028
1062
1364
1014
1153
1574
1481
1369
1092
1799
1029
2250
1332
1737
3061
1692
1890
2542
2159
5029
1182
1384
3948
2546
1829
6946
3586
1106
2327
2236
1795
1062
2587
1055
2388
1820
1479
1056
5459
1271
1099
1228
1031
1514
1135
3720
1017
3906
1559
1362
1117
1015
1194
1395
1061
5253
1050
2111
1978
1004
1129
1182
2161
2986
1288
2534
3062
2270
2687
1542
1736
1317
1017
5244
1688
1007
2337
1611
1266
1741
1234
1161
1131
2047
1537
1201
1995
1251
1420
1006
1282
1167
1230
1151
1790
1855
1136
1657
1341
1119
5249
1163
2087
1146
2529
3625
1324
1524
1175
2380
1863
1167
6841
3088
2675
1381
1048
1069
1490
1672
1465
3595
1030
4937
7080
14356
1151
2102
1292
1019
1651
2411
1021
1110
2025
1433
1057
1284
1482
2213
1943
1191
2084
1555
3183
1179
2433
1352
1234
3322
1264
1164
3950
1415
2219
2283
5811
1128
2776
1013
1327
1416
2057
2288
3514
1791
1604
1399
1194
3877
1132
2273
5548
3268
1557
1220
1507
1128
1696
1742
1377
1704
1270
1093
3908
5220
1895
1554
1273
1674
2459
1731
1002
2024
1061
1444
1406
1075
1201
1230
1492
2409
8322
2861
2331
3357
1012
1204
1137
4198
1624
1311
1056
1678
1279
1857
1178
1230
1230
1120
1217
1120
1217
1082
1082
1117
1198
1123
1018
1117
1198
1123
1018
1353
1052
1353
1052
2969
1528
1711
1051
1719
1150
2681
1528
1711
1051
1719
1150
2969
2681
1370
1220
1545
1459
1220
1545
1459
1980
1980
1719
1004
1004
1040
1040
1129
2116
2846
1567
1129
2116
2846
1567
1830
1484
1328
1830
1484
1328
1337
1337
1006
1006
1578
1012
1032
1043
1578
1012
1032
1043
1169
1169
1561
1561
1391
1059
1391
1059
1074
1074
1004
1332
1215
5434
1224
1850
1332
1215
5434
1004
1224
1850
2617
3264
2122
3163
4175
3264
2617
2122
3163
4175
1240
1240
1202
1018
1524
1202
2122
3635
4226
3780
1194
1023
1085
2122
1820
1018
1524
3635
4226
3780
1194
1023
1085
1820
1569
1569
3401
1444
3401
1444
1094
1094
1384
2301
2436
9221
2021
3249
2301
2436
9221
1384
2021
3249
2318
1251
1246
1603
1036
1321
2477
1251
1246
1603
1036
1321
2318
2477
1758
1325
1758
1325
1300
1300
1054
1035
1034
1614
1902
1585
1569
1035
1034
1614
1902
1585
1054
1569
1420
1420
1695
1127
1014
1322
1695
1127
1014
1322
3449
1872
3449
1872
1385
8665
1385
8665
1592
1223
1592
1223
4509
1186
1503
4509
1186
1503
1373
1373
2284
2284
1816
1816
1052
1052
1211
1083
2814
2393
2403
1083
1211
2814
2393
2403
1602
1602
2072
2922
1095
2072
2922
1095
3948
2812
3948
2812
2339
2339
2143
2143
2745
2745
2278
2278
1444
1444
5511
3083
2740
5511
3083
2740
1064
5816
2298
5816
2298
1095
1095
1034
1034
1369
1369
1067
1331
1067
1331
1005
1005
1095
1095
1253
1253
1102
1102
1064
1064
5389
1203
2247
1924
5389
1412
1728
1744
2248
2461
3038
1412
1873
1252
1203
2247
1924
1728
1744
2248
2461
3038
1873
1252
3230
1326
3412
3230
1326
3412
1545
1415
1133
1545
1415
1133
3384
3384
1036
1036
1213
3450
1213
3450
1019
8299
1019
8299
1830
1830
1487
1467
2619
1061
2619
1061
1480
3063
1480
3063
3121
2190
2281
3121
2190
2281
1266
1266
1389
1389
1302
1676
1302
1676
1014
1014
5158
5158
1608
1088
2275
2384
1034
2384
1034
5068
1796
5068
1796
5393
2161
5393
2161
1123
1123
1198
1702
1198
1702
1456
1456
1177
1177
1050
1050
1010
2412
9850
1607
1528
1185
1159
2412
9850
1607
1528
1185
1010
1159
1935
1935
1297
1947
1297
1947
1187
1083
1187
1083
1462
2892
1462
2892
1861
1466
1319
1653
1861
1466
1319
1653
1007
1007
1261
2395
1848
1093
1102
1142
1118
3159
1142
1118
3159
1500
1432
1448
1500
1432
1448
1396
1396
1351
1021
1021
1318
1318
1233
1233
1164
1164
1331
1331
1313
2107
5589
1313
2107
5589
1039
1039
1131
1131
1199
1199
4662
2213
2410
3113
7905
2123
2131
2679
1774
7597
1321
2048
4662
2048
5760
3361
4212
2964
7251
1124
4288
2213
5760
2410
3113
7905
2123
2131
2679
1774
7597
1321
3361
4212
2964
7251
1124
4288
1120
1027
1120
1027
1521
1521
3115
2066
3115
2066
1638
1788
1638
1788
1631
1631
2146
2146
1195
1195
1056
1223
2220
1223
2220
2634
2634
1130
1130
1355
1355
4053
1573
4053
1573
1648
1430
1648
1430
1539
1539
1522
1522
1244
1244
1001
1001
2514
1005
4278
3263
2514
1005
4278
3263
3015
1576
1269
1247
3015
1576
1269
1247
1263
1263
1399
1065
1354
1212
1399
1065
1354
1212
1106
1106
1236
1236
1008
1388
1292
1008
1388
1292
2038
2038
1033
1314
1033
1314
1072
11722
2637
4470
4961
1004
5577
11722
2637
4470
4961
1004
1072
5577
1165
1198
3263
3678
1995
1680
1198
3263
3678
1165
1995
1680
1210
1398
4077
1801
1210
1398
4077
1801
1711
1711
1443
1443
1028
1510
1028
1510
1111
1111
1622
1736
1622
1736
1293
1123
1123
1152
1152
1062
1062
1210
1210
1579
3396
5313
2445
1579
3396
5313
2445
1286
1286
1227
3073
2574
1227
3073
2574
3556
3549
3556
3549
2288
2288
1217
1217
3220
2218
3220
2218
3304
1759
2322
2584
1026
1759
3304
2322
2584
1026
1203
1210
1122
1401
1129
1754
1958
1268
1833
1122
1401
1129
1754
1958
1268
1833
1210
1133
1505
1360
1106
1410
1410
2366
2366
1162
2209
1599
1082
1604
1407
1329
1630
2415
1096
1069
1226
1004
1326
1023
1061
1237
4149
5450
4308
1297
1319
3214
1013
1010
1286
1690
3105
1056
1032
1083
2008
1601
1025
1505
3098
1095
3296
10949
2710
2977
1574
3861
2312
2285
1401
1489
3463
1337
2085
1038
1262
1052
1183
1441
1076
1051
1465
5082
1151
1367
3377
1215
1170
1288
2326
2350
1663
1426
8098
1296
2966
1447
1243
6155
1502
5893
1021
2730
1131
1097
1430
3195
4310
4184
1023
2278
2113
1217
2573
1755
1635
1302
1174
2043
1569
5286
7567
1077
6570
1145
1336
1108
6221
2869
1111
9467
2497
1047
1058
1071
1564
1698
1276
2835
1211
3271
3577
3363
4210
1027
1169
2161
1155
4708
1264
1712
1146
2435
1109
1045
1001
1774
2713
3323
1899
1265
1092
1621
1249
1758
1131
1490
1019
1757
3086
1015
1485
1268
7411
6189
1431
1225
1482
1614
1339
1172
1041
2120
1609
1500
1856
1211
1630
2439
3990
4194
1013
1539
1972
1624
3997
1401
1240
1078
1898
1981
6776
5016
6330
1049
5163
1342
2887
1109
1204
1536
2690
1805
1336
3551
1007
1151
5233
1618
1025
1228
1459
2175
1338
1230
2181
1527
1795
1145
1920
1848
1657
4678
2293
1198
5170
1363
1729
3889
1051
1090
1173
2724
1034
1078
1074
1206
1149
3273
3446
1355
1080
1166
2302
1065
1900
3035
1716
1213
1055
1378
8349
3144
1983
1728
1134
2006
1210
1993
2998
1279
1747
1198
1609
1660
1065
1072
1541
2238
1500
3341
1302
1052
1618
4284
1102
1568
1031
1173
1122
1297
1564
1240
1603
2398
1362
2584
1611
1153
1872
1205
1199
1374
1208
1349
1205
1627
1054
1192
1128
1637
1139
2157
1564
1200
1849
1377
2003
1297
1102
1017
1814
1265
3089
4124
2488
