692
838
529
876
898
613
679
1765
1613
502
1102
502
2573
659
3467
2612
504
1383
516
630
964
1350
668
502
566
518
664
565
501
549
2290
4229
1394
502
1038
503
845
748
1160
692
639
724
1107
892
520
966
693
629
750
966
524
2963
748
532
794
869
668
1023
570
557
1120
521
740
1699
4102
921
1035
1551
528
554
882
557
584
825
546
3635
1394
2546
530
849
562
590
598
524
3056
1057
2614
1296
529
639
581
687
1148
1614
1404
4551
1861
1229
550
503
595
722
1364
754
725
531
1092
1111
558
1157
678
647
675
1078
879
556
525
544
555
682
699
574
684
1129
565
2721
878
885
1152
863
989
4364
623
673
2647
1363
604
1494
850
596
4086
826
1232
995
1164
978
693
636
500
670
1513
565
836
688
788
794
1887
535
687
5460
627
1213
2350
549
597
682
1489
1469
874
760
940
509
599
834
576
602
543
1536
904
1518
893
558
1038
713
660
788
784
889
1122
802
659
614
553
536
644
633
586
1051
805
643
573
2125
2471
1402
1085
584
1022
677
828
802
1019
721
1119
1178
661
609
732
708
531
665
752
926
615
1869
744
2521
792
787
967
895
996
930
900
1178
6545
990
1334
529
2499
629
1213
668
5529
1773
735
1772
563
975
741
653
1015
544
541
738
594
641
612
953
541
636
1016
515
685
917
516
623
1265
512
766
879
1942
994
578
523
631
625
1008
797
557
718
654
542
587
663
722
7288
1785
854
817
536
1730
587
754
5334
4000
1229
6969
660
1248
509
726
623
668
717
552
816
711
1559
1677
1086
1198
3232
913
579
505
1101
3007
521
870
646
1085
628
1146
1002
609
610
590
564
2317
522
664
588
610
754
528
562
573
943
622
2050
8271
744
935
924
608
1891
619
812
769
544
727
929
3067
536
1252
893
735
505
501
653
665
645
610
648
2651
1823
552
3266
1517
838
525
690
609
534
785
578
1013
3939
5200
690
583
996
873
864
918
1173
1446
739
610
603
604
829
557
882
736
2688
703
518
1090
1904
656
553
540
707
648
952
1440
4788
726
529
814
630
739
543
666
1756
602
1093
544
548
925
603
708
518
506
590
610
857
1238
814
637
514
606
586
594
524
1323
527
1454
603
1137
739
877
616
1148
738
526
532
514
577
1444
1927
1031
1503
800
576
1819
1374
668
907
769
795
861
519
509
563
1344
846
1451
2760
570
616
528
1084
567
922
806
539
554
1825
2466
1315
758
814
815
1136
829
883
541
1032
976
897
895
500
1222
697
1262
736
795
757
1006
507
520
554
508
553
580
783
773
546
688
833
628
503
773
921
624
1950
532
802
1343
784
960
683
844
618
1854
4349
750
628
1139
1801
627
4415
1241
3557
734
547
608
3031
521
780
955
659
763
899
625
742
877
782
1732
651
827
503
825
581
756
1899
4481
3382
1060
1852
569
1218
1084
1242
1310
629
1969
635
1186
2060
512
1127
1284
527
794
549
2685
735
1275
687
850
703
539
1078
3216
739
567
625
1486
1462
1603
2437
607
859
860
1279
587
632
1615
2570
626
544
840
675
592
582
1896
1138
622
9213
636
2682
783
616
1102
711
1234
518
1354
615
2488
1338
2145
859
3076
2870
2323
5215
953
921
1341
919
2657
2397
563
1675
9200
635
2127
2382
2102
1625
826
1281
829
524
692
2097
895
2458
3704
598
503
795
787
1011
3440
812
1218
729
604
2819
3475
1582
824
2524
1290
1358
1403
1226
808
570
1263
587
1343
501
556
593
593
728
606
661
707
510
666
572
953
868
1038
837
898
1048
557
500
580
1717
644
900
835
542
676
518
901
1108
523
641
774
1128
1186
888
1176
620
638
857
676
716
3709
2555
809
1142
731
1484
3421
550
928
1631
1578
743
726
535
996
749
915
755
510
1582
518
1287
1949
867
508
678
1425
522
622
575
2840
649
643
654
951
776
643
1275
587
665
4267
1355
1441
565
1573
952
679
744
770
901
2456
1027
662
747
872
578
592
1221
977
1984
3757
617
505
566
966
957
548
3525
767
895
590
1080
692
768
712
514
797
725
613
709
547
1215
547
748
1047
976
674
707
539
570
9043
1451
506
1344
627
1243
825
664
935
726
1374
546
595
894
923
662
549
909
1466
728
553
888
542
527
633
683
648
601
509
530
903
813
515
1049
502
610
502
679
1186
583
641
917
524
563
782
997
824
592
630
702
538
1725
878
2676
1172
718
1803
539
588
1109
794
1225
1219
1230
549
739
856
789
646
3001
1020
1138
999
540
1324
547
1877
729
516
744
815
720
1980
679
510
1594
692
719
932
1810
609
522
957
1045
718
954
855
1799
1730
1307
673
589
781
526
504
633
590
640
599
704
521
586
1396
630
605
1102
580
693
508
578
543
781
716
546
1198
767
534
1221
766
2818
575
891
901
668
1572
1151
876
587
543
626
719
609
736
604
1655
604
1397
1895
3560
1236
838
1054
661
658
1132
720
531
1341
605
514
628
600
1195
558
527
698
543
1019
540
504
629
553
913
2249
629
993
612
521
754
549
1137
857
956
936
1328
564
515
568
648
936
529
1372
814
699
842
1121
567
1113
1474
572
520
518
1428
743
609
683
502
987
1870
1701
529
688
513
512
955
780
3119
902
773
2155
1909
609
562
796
573
516
620
676
536
541
599
555
1129
838
1032
771
1015
866
604
563
814
530
894
1058
560
829
695
664
1154
941
4474
1283
745
1097
910
968
971
532
501
938
1068
974
708
550
829
802
911
636
1456
596
1121
1056
1283
812
560
688
1483
522
694
1168
1261
571
2350
5034
1984
964
801
585
569
505
1445
623
836
629
1202
681
569
541
653
540
838
797
1481
1351
900
549
512
560
582
537
913
560
1213
626
586
617
965
759
2292
502
1290
638
924
596
719
1324
869
550
2454
500
8668
775
604
742
615
1437
1942
1007
529
869
788
567
582
610
1038
1948
601
865
922
584
535
510
649
511
837
500
964
1037
696
888
651
626
857
552
800
812
605
1718
594
3372
583
910
916
535
531
516
710
1200
515
1974
991
1584
2175
517
612
691
559
505
542
1111
1654
503
576
821
657
837
656
612
980
526
1984
655
1260
1004
2491
776
938
647
657
516
681
1095
631
503
622
878
515
532
781
1278
1129
1422
9080
583
552
514
715
1030
807
823
523
638
1656
580
709
559
881
504
537
1076
779
846
885
529
739
905
664
783
1256
926
588
942
591
759
565
1476
534
685
711
1387
4373
626
584
903
630
675
606
740
2158
2947
505
521
1272
684
1175
758
575
753
1166
678
782
535
1538
974
520
898
693
2563
1133
606
504
1607
550
531
13513
2504
580
615
591
567
1578
526
518
2819
542
514
837
681
565
581
972
539
1334
861
624
5174
669
3329
6063
656
576
520
966
875
911
531
812
614
557
757
500
800
673
1240
898
784
988
623
1153
7005
1418
733
792
921
1212
4637
2525
609
595
508
759
518
535
2858
1773
734
1292
639
575
521
594
873
884
579
897
9712
539
735
575
1301
2817
577
772
2313
911
1274
546
713
1960
1249
626
967
1109
944
1210
602
513
722
566
575
730
710
995
1130
1108
2344
826
753
824
597
2739
1269
702
742
630
651
585
1141
519
1151
504
593
808
571
541
736
618
857
1580
558
689
602
620
1257
845
1152
636
522
644
634
586
581
829
532
831
791
1744
708
918
1037
1489
1096
510
716
1533
531
1013
1383
514
1507
548
563
515
1987
520
578
963
600
961
1958
518
567
511
937
512
1009
1171
709
541
550
1349
1211
1373
502
960
1197
1119
735
1285
566
1003
1604
821
513
934
518
699
734
886
570
505
2286
2132
1412
4366
972
639
914
593
836
565
1094
557
700
825
567
789
824
942
1519
973
606
665
662
745
657
516
797
1236
2802
582
917
524
557
747
1329
1337
937
1104
714
529
567
530
587
863
676
1076
501
1058
748
720
812
537
639
552
534
1656
555
1327
668
1365
587
1238
635
911
2387
777
1395
613
523
1098
998
1013
1112
823
1412
1193
3441
534
845
1566
5909
603
1443
1136
1584
11965
7833
1202
1669
945
976
612
686
508
597
662
870
1218
702
746
1499
675
542
1078
643
519
1247
2291
847
2361
3155
5599
3383
2922
2535
2006
1078
1189
764
911
654
856
725
835
1136
1285
567
653
675
547
1029
502
1492
634
611
685
1496
547
563
564
735
1722
632
767
533
812
550
1098
1066
918
1589
583
674
715
1306
2091
1214
660
1310
1565
954
834
883
577
553
604
736
760
537
890
768
617
601
710
680
755
813
4605
522
926
620
828
669
1481
568
517
526
786
705
954
3607
557
1250
948
5655
921
1142
878
532
1688
636
848
548
527
720
604
872
658
547
541
572
991
502
643
1922
750
573
1137
514
793
597
579
733
837
1083
600
561
2004
537
1736
1650
800
1264
1558
692
612
6893
751
776
558
871
660
540
968
1275
931
4060
11675
552
565
1145
748
2340
2094
656
1468
541
699
735
635
807
5548
2571
918
543
656
802
532
892
639
627
567
4929
525
1116
1898
596
644
534
568
1510
793
610
893
691
549
539
873
535
640
610
804
594
544
3269
720
928
594
702
756
744
745
1095
939
768
639
562
886
750
1987
802
788
585
959
1557
3054
654
692
819
854
930
693
853
1326
1911
1477
572
524
662
501
1993
824
623
2080
945
507
613
567
605
1446
637
1055
558
652
501
996
1218
1548
1066
1515
2200
1071
891
977
743
504
1906
751
565
1170
527
562
521
572
664
624
1304
1830
1126
582
693
1680
696
1039
570
605
532
1647
609
1762
5176
2945
2740
5720
1288
2370
956
1791
2980
1220
1653
937
2646
769
682
723
947
1149
974
709
662
505
648
625
877
573
540
515
1111
660
867
722
547
1141
850
729
694
676
607
542
628
539
1959
6622
2172
1384
1268
1256
585
504
996
569
1789
2302
2163
602
1206
5854
2287
1259
626
735
1081
1568
930
855
1137
903
506
520
558
1170
576
537
1254
565
1501
610
515
507
2761
603
959
1020
586
684
809
520
541
671
694
603
704
578
627
520
1891
2027
888
2080
755
808
558
542
1235
1115
570
577
851
955
2058
853
577
895
584
749
1044
571
965
572
579
528
561
801
647
535
1053
2154
553
509
586
565
969
1349
612
904
890
560
732
1312
531
686
806
1245
1424
551
582
595
510
658
880
615
627
839
691
800
582
627
1897
853
657
509
634
771
653
510
781
1347
733
1126
519
794
552
913
542
1335
1459
3092
1167
586
906
859
1169
1506
763
708
637
725
592
1737
691
975
1103
625
2468
772
1000
1656
586
704
1113
1449
1367
1793
795
2754
841
552
631
1055
1787
1386
580
963
1015
524
592
955
546
525
2124
626
970
1335
1320
1017
543
2431
6553
609
738
2346
786
512
635
960
1182
629
1793
757
566
546
560
704
800
523
891
576
697
704
618
603
519
782
681
666
1074
695
520
969
646
659
803
1935
2485
1546
586
1120
1326
802
555
679
664
789
3617
725
765
570
1313
624
2658
2218
1168
3656
5110
943
540
2209
1454
683
633
826
859
561
861
538
1240
1103
1398
648
559
1315
992
1040
565
567
581
706
531
1080
675
666
590
700
651
502
522
506
690
2357
561
3127
2350
774
562
695
594
771
1330
696
1350
1101
3695
2621
597
2174
1092
1442
595
687
582
1022
654
533
680
555
2235
570
633
526
924
563
1077
721
1285
2102
1349
849
562
6554
2064
3884
5488
710
692
809
533
642
500
599
548
606
760
3698
508
638
664
1349
528
649
694
1057
702
619
643
3519
1158
580
512
726
1064
996
631
641
744
520
837
502
524
675
2202
586
686
674
1620
1104
639
1888
526
759
654
1573
524
530
757
795
1093
648
588
4380
799
1084
1113
1144
607
664
873
3069
1893
1222
1146
519
669
1067
614
944
518
1055
654
719
870
658
1444
590
578
685
610
847
917
763
688
886
605
899
3116
1607
1265
750
1390
535
1544
656
817
784
1431
5199
753
1153
1145
930
715
551
788
1060
1587
6280
736
1217
1389
606
652
580
1071
552
720
1138
631
578
625
504
1918
689
916
1136
1465
708
950
586
593
722
897
5715
660
638
517
515
1300
569
512
565
548
575
693
639
1268
515
1168
537
729
1239
502
655
940
784
598
522
857
1517
557
945
3372
8538
5933
592
728
1013
578
693
1116
582
624
3466
520
1097
2173
1092
834
545
554
609
719
2204
14398
2124
1135
1235
1845
8126
1498
637
568
1118
558
1312
630
550
1044
4555
635
1224
801
1099
734
1133
601
666
1070
503
688
550
514
819
1038
635
639
545
616
732
852
1157
1876
3382
4153
713
801
647
693
564
508
668
911
541
1768
633
3773
996
2452
948
3107
3344
1154
525
673
625
531
883
957
627
600
1833
1243
643
543
839
693
523
866
1292
595
1060
636
539
965
1072
819
822
598
1353
858
916
1252
568
521
523
557
999
504
594
809
1710
572
2342
669
1180
871
2516
784
692
559
568
532
1023
1172
600
769
629
547
1344
818
566
825
1563
1165
685
1463
796
1177
855
691
676
832
945
536
842
894
933
964
1314
648
1012
1463
3435
2674
1047
543
526
640
568
1152
505
758
666
5616
4058
976
5130
642
912
510
998
2882
1146
1293
1506
579
1009
543
660
773
884
956
571
695
1500
2920
2494
662
1146
616
1038
1199
2914
752
668
503
702
506
1781
2386
528
572
526
501
920
647
540
726
1150
574
557
703
1516
1221
1143
509
523
819
1085
566
747
1801
687
1001
1616
656
901
2114
511
760
1506
504
1118
645
640
568
500
616
915
699
2222
808
1644
2369
2193
1459
686
886
677
9357
580
667
1087
569
647
580
504
508
899
588
534
605
534
525
551
507
588
1197
567
541
754
909
637
692
594
511
530
531
1435
762
1008
511
596
525
547
697
572
684
1023
545
592
561
607
628
653
584
1122
1532
1037
1005
930
1427
1187
778
2102
1084
578
2733
999
3074
825
534
894
635
952
623
569
1455
582
4254
1202
515
867
1809
1114
951
1194
695
1076
532
779
656
713
718
1182
1261
2423
507
726
759
616
718
656
1934
596
842
737
565
756
506
522
3576
528
1075
543
1120
650
672
973
1170
552
720
927
6126
584
562
3526
667
628
712
1003
779
1516
516
510
655
882
1337
714
6934
1802
795
1234
627
1037
2560
509
526
514
615
1026
615
953
580
2035
730
1747
649
551
884
2195
563
1139
619
500
1617
891
927
1452
1069
508
1459
548
630
1535
941
1263
869
2849
865
906
798
646
643
1919
733
793
618
876
584
1170
597
852
665
883
3357
667
853
521
761
584
648
1062
627
542
2577
705
3105
1027
3257
1700
686
868
588
989
1074
506
712
541
698
619
1103
768
520
4603
788
835
933
955
664
1134
567
528
863
956
629
648
1568
659
1278
1888
817
2769
3004
628
1141
800
688
505
1344
646
1126
1171
959
749
3588
637
1008
1136
708
561
558
522
1048
1555
2389
1394
561
2534
2192
727
875
1189
757
509
1046
748
770
545
1919
1542
982
1268
2264
1396
7717
1524
520
547
556
1597
749
623
933
726
532
1351
2175
727
849
1112
2665
526
523
1098
712
1091
1385
803
1518
813
990
568
645
660
936
1320
557
635
1025
541
631
873
531
792
1016
520
770
1703
657
899
778
620
672
931
564
524
822
558
919
1002
635
539
767
1424
512
667
1310
526
1847
708
527
515
518
519
523
508
548
506
725
992
744
502
1359
697
519
633
678
563
822
841
658
668
864
578
1844
1369
542
701
514
589
935
1121
660
1022
725
1136
621
576
2044
1954
1915
1132
3504
2517
2994
2117
3655
1029
857
918
518
551
536
1610
1100
3190
4302
3477
621
681
789
884
581
718
720
729
903
4903
741
761
526
1041
537
1297
659
500
2045
508
633
616
1605
650
1082
655
718
610
1187
578
611
560
1334
1725
672
669
583
990
593
1217
1353
1196
1033
738
714
2127
1471
1100
601
656
553
981
1128
703
705
536
1254
507
871
559
682
565
748
1046
685
961
875
630
767
932
4849
1739
1528
2861
2001
4049
764
8197
1581
2050
776
1770
619
1835
538
696
920
1690
973
719
731
1324
1838
5674
3607
6261
940
688
577
889
518
1454
1082
721
664
567
680
554
520
600
594
532
824
528
612
584
1532
847
1672
2096
1076
656
505
546
572
746
878
686
624
615
571
612
773
681
719
510
2660
1012
1355
546
1069
556
1025
990
735
718
817
928
557
523
1828
653
529
1186
609
3349
513
574
608
1593
500
932
1016
551
589
566
1152
539
1321
594
591
595
618
1093
538
774
564
548
709
759
593
558
628
546
929
686
505
1013
622
1447
1677
720
510
731
502
537
567
598
772
1119
547
568
658
511
740
515
866
1033
591
1030
788
751
1646
579
1408
720
665
574
518
501
651
857
791
683
531
552
922
1072
1435
813
735
1424
721
611
651
751
605
554
609
766
599
632
600
2421
1659
1986
857
900
507
574
946
1641
707
653
2685
840
1927
2009
991
1093
730
575
738
634
741
1197
804
519
1482
767
615
634
1458
2131
766
1326
553
2262
1365
512
627
559
572
1045
2272
713
607
1294
3181
1870
2064
1989
1469
2653
1497
659
650
852
553
641
514
1043
590
917
594
668
1461
699
766
1446
643
540
629
518
1111
1421
938
685
699
1138
1031
738
1604
2144
2921
5830
2219
1088
537
516
1077
4260
906
714
581
1745
3608
1204
505
729
1414
717
847
2205
963
1095
966
712
3245
798
508
792
1071
504
524
951
1487
563
662
569
785
525
617
681
511
1006
712
706
2104
1217
2103
662
1032
595
1215
1440
604
1196
1018
634
603
692
826
1261
613
820
1202
726
521
505
545
908
535
514
1566
634
551
1477
656
740
838
865
545
1044
1989
588
728
1070
1411
556
561
524
516
1282
1049
973
828
557
825
632
1414
953
563
552
642
565
604
726
678
1452
828
1015
820
895
614
716
505
713
2703
2408
511
714
674
1081
869
882
580
935
885
2214
1227
580
513
595
793
851
755
577
829
1071
558
656
589
933
2417
606
672
547
634
687
741
651
590
866
1160
652
611
717
781
629
525
614
1163
1510
2035
1205
1487
1959
544
4893
1562
970
1939
559
762
1224
688
658
545
844
2230
846
756
785
1074
760
622
807
613
671
544
764
1298
821
705
589
1242
1377
3011
2369
707
999
1310
1736
754
944
783
957
667
505
706
5023
2151
1418
806
865
1014
752
959
846
568
2519
732
508
816
731
683
585
621
738
861
581
613
4296
738
582
1731
547
769
641
676
768
887
984
1148
521
923
2817
1748
640
867
741
698
615
1328
508
507
771
1202
1841
692
528
540
510
1160
746
645
568
2084
1306
876
1431
1607
720
548
947
893
661
1401
1323
2030
1028
3962
591
796
1718
563
646
566
1017
571
1126
524
2514
689
1563
533
711
1731
1156
2469
1092
588
2903
2540
1086
904
625
790
2185
666
522
762
697
1161
726
913
518
747
652
1422
537
1079
749
2539
761
738
1618
576
1328
1024
530
571
578
2058
937
3467
898
1475
551
629
1310
615
515
516
848
643
726
522
521
5369
662
667
732
3945
1125
741
517
802
596
621
592
1034
500
740
607
750
733
659
542
687
662
868
552
1022
539
645
579
2975
2032
556
846
1630
798
700
532
608
514
640
516
527
927
677
620
513
968
500
692
611
629
543
732
644
1727
929
3139
775
594
797
893
788
569
658
516
619
503
559
3573
522
607
847
515
3715
514
519
510
1297
567
628
794
542
592
593
791
595
516
2077
987
641
847
2665
1322
4322
1204
1238
901
1170
524
600
595
594
1450
807
4198
1439
567
506
753
527
679
741
2993
909
805
1224
1017
1575
955
621
597
629
679
524
645
586
518
932
654
1112
513
682
526
563
660
761
524
1723
587
1062
1246
909
845
636
1210
759
558
717
1515
779
526
793
507
8314
570
548
500
553
919
508
1395
646
607
856
708
556
529
852
2147
519
742
745
938
559
673
753
848
562
890
989
1012
664
849
546
501
581
779
1162
3035
668
590
849
639
1332
1249
523
797
504
667
768
597
688
519
1337
1355
2893
1367
519
753
1290
709
561
585
618
524
535
1017
1734
575
569
506
1586
1514
950
516
552
2026
508
857
577
672
563
1908
935
586
516
811
513
620
791
714
566
1269
994
910
1843
528
613
687
1582
885
3705
663
651
623
3810
2364
1235
1446
1633
1200
621
562
1126
517
2681
952
2701
934
860
2399
503
1101
544
617
666
834
773
899
795
644
573
1061
539
815
1331
1194
556
517
863
625
861
727
588
728
1220
1111
1054
539
1415
1120
695
1011
577
572
861
588
1092
696
604
1014
1105
648
629
2906
2363
791
647
553
691
773
771
540
553
637
508
502
803
568
715
728
723
1717
801
1190
590
523
723
685
783
592
647
558
626
512
554
563
573
576
554
1068
949
807
643
4514
4658
909
559
502
603
566
681
517
629
572
516
696
910
613
1384
616
503
502
631
500
930
785
820
615
1476
860
931
619
670
957
592
1076
603
538
5870
10369
811
2131
642
631
803
1782
672
546
959
610
1250
1137
910
1591
1398
731
1177
1193
654
619
805
550
517
673
1184
992
1648
502
613
508
799
871
515
990
626
962
820
847
545
985
750
619
1589
613
994
708
689
691
750
505
601
949
598
567
1130
590
803
2543
991
821
674
717
707
620
636
1337
598
505
589
813
629
742
621
1048
557
2586
876
755
1036
1150
1035
577
867
3147
517
872
911
781
596
4253
2813
1050
1200
501
1041
878
613
517
506
1797
1259
581
1468
530
506
771
634
531
1041
507
600
795
557
539
930
882
556
813
2596
3463
1780
845
644
684
1015
3275
656
1211
1133
541
997
745
669
1019
1305
609
693
1078
1131
624
598
1302
593
626
1946
1590
503
697
1984
593
800
1385
920
584
1461
607
827
1001
762
515
501
521
772
555
790
649
564
635
723
609
793
1139
738
559
630
931
500
509
552
638
730
747
672
826
702
653
1463
577
517
547
1395
513
723
1565
957
1851
2435
1061
1704
866
906
764
760
636
1088
548
787
763
678
565
530
581
763
1022
1099
1188
778
529
560
611
559
555
4090
1401
1215
3260
576
2450
3296
1585
6439
893
1424
517
682
800
660
540
1272
1104
2177
1662
892
943
548
1770
1038
750
524
643
617
570
535
507
901
561
570
725
617
620
759
606
638
1588
682
2481
500
638
2195
985
620
593
1052
796
742
649
542
678
912
1058
672
754
1664
724
525
686
533
1202
1137
895
645
549
6139
4136
1588
560
920
834
538
696
1376
858
970
1819
558
543
779
531
877
538
581
618
884
1062
1298
862
587
733
618
569
1013
1018
1381
1431
731
642
2017
704
592
541
807
1103
1858
729
884
535
655
1144
1749
577
970
544
1182
534
536
576
1274
598
512
1008
652
530
619
564
824
1355
947
559
1019
693
1377
1440
832
512
506
2086
961
636
544
923
633
526
557
618
568
629
704
510
547
576
534
886
605
515
2625
850
656
2820
874
1181
936
947
616
1660
10326
554
942
1069
548
677
870
3345
1193
571
656
610
595
902
1219
501
706
529
612
1027
522
834
592
594
2192
1221
2071
1053
1260
577
2086
800
868
1165
984
512
2296
1072
769
675
672
1013
946
625
510
650
582
780
958
2846
1422
1333
712
1136
1808
587
596
591
739
1574
824
1287
713
500
622
735
811
779
818
731
632
515
756
637
743
670
780
743
779
517
541
683
594
995
803
3595
868
3700
860
557
552
1240
906
945
1291
680
707
1833
2637
523
683
1214
1499
532
524
2611
631
3947
764
933
616
706
1241
773
788
509
787
588
550
754
640
1047
1520
3691
655
1146
878
609
586
1623
659
1635
798
579
2262
585
568
1574
2966
676
513
907
1158
2187
865
1017
547
1058
533
730
1040
933
981
500
725
813
730
536
1830
770
553
833
536
938
556
877
1670
735
524
931
842
648
635
10318
2471
3384
1830
687
1618
529
1079
2472
2983
513
1570
702
761
760
772
714
501
1113
524
653
737
775
535
1188
516
514
900
1618
1139
698
695
596
924
1090
688
710
1049
714
503
1078
676
1355
959
2164
1312
627
853
1316
522
549
621
529
1005
579
985
699
1697
1481
1126
581
1859
1556
572
596
969
574
1413
582
3699
2425
1764
619
556
1068
540
595
723
606
709
790
583
947
550
774
627
592
1626
587
656
746
918
661
592
880
581
604
702
502
1080
969
510
715
595
992
2313
1721
2091
4960
1758
689
508
596
556
1050
953
951
973
613
1175
615
704
564
616
665
759
538
638
907
511
1284
660
1333
535
658
747
720
2509
1121
947
1367
801
724
2671
704
818
887
862
975
651
661
794
590
777
3605
622
542
767
1280
524
1103
630
833
543
633
684
804
1098
4897
1578
669
1218
504
1172
588
3569
2099
783
555
2583
1520
1158
636
3732
3593
734
4306
748
1150
1286
1656
507
872
1252
572
665
586
1089
1245
741
649
991
1453
942
2001
725
1390
1268
675
1240
525
891
708
1120
947
783
1020
672
514
598
686
560
761
1244
1424
1040
585
673
604
864
1134
2221
1065
1000
778
512
588
1062
1068
731
591
537
2242
770
515
541
629
788
626
1207
530
1656
712
1023
639
665
569
1582
3427
533
2719
2505
1427
1635
1705
8744
5102
706
2040
3407
8677
2427
2546
614
2765
945
997
552
708
736
1249
763
733
1406
885
1246
502
637
624
549
2027
1636
775
545
532
556
949
649
745
1154
733
614
722
721
730
3056
909
2529
2130
1376
785
1004
1026
1006
2471
1057
2761
5940
3379
916
574
574
802
886
876
897
722
859
591
565
1576
1829
1441
1583
813
1259
778
1537
843
525
549
805
556
942
612
906
1018
540
637
592
1031
681
524
1336
2322
517
539
689
688
546
1231
565
858
692
507
812
6364
908
729
901
661
670
2076
763
766
1103
742
570
826
680
505
620
561
793
574
758
701
667
585
520
1081
848
603
1645
647
936
862
580
2027
1042
564
541
860
586
521
575
599
600
792
501
513
1144
764
5022
718
682
1418
1013
534
1091
1201
688
674
824
694
572
560
1227
903
539
552
853
528
598
717
539
1171
542
4318
1041
689
581
531
598
503
541
702
511
1310
1295
2594
1432
2667
1126
2365
1041
797
759
840
525
776
522
628
1998
551
809
683
727
630
608
536
1105
519
914
664
689
556
643
602
592
696
571
914
515
1138
1204
778
1379
511
565
1286
537
1321
597
644
1135
535
1038
502
709
581
1082
718
654
776
2875
3518
1350
621
615
501
696
819
541
628
541
778
648
1181
741
1045
627
566
830
658
1369
1889
1288
825
534
678
549
820
627
846
588
1618
566
649
925
674
689
606
641
683
562
571
2067
679
911
765
960
558
514
1250
994
1112
3137
1009
882
999
1911
585
825
899
691
1047
515
544
576
511
2066
1910
560
659
1542
728
501
1011
756
704
881
611
669
557
1079
1144
785
521
607
627
1015
1191
561
3512
2431
1057
657
723
537
519
888
520
628
633
702
1166
792
508
811
621
659
612
508
575
2603
647
781
1668
3170
561
847
549
633
843
863
1223
1468
584
528
736
784
810
689
1170
572
1044
684
846
1270
689
1170
770
1226
1635
1296
648
626
650
598
1153
596
797
619
739
535
774
667
839
577
765
512
1144
845
597
559
1771
664
561
566
1749
1014
738
1057
777
914
1420
966
3083
3571
776
1042
2895
763
549
751
744
1173
1389
780
1196
1446
1243
868
686
1030
823
545
1334
544
681
792
528
1186
1246
832
539
784
537
1055
575
649
514
1616
1284
3385
854
5097
1911
983
1018
611
825
1159
1173
714
597
9936
1329
1588
1756
1459
624
506
1269
664
560
1735
548
527
739
1160
566
1413
1562
1384
605
526
1440
505
523
2483
2516
2742
1049
1238
761
2305
607
572
697
624
734
1186
594
793
662
613
1279
1749
3015
1007
611
1152
718
655
540
1179
636
572
665
746
660
716
1303
671
558
528
1147
906
1799
1383
1556
2058
5095
854
796
1758
754
1631
758
564
501
1654
1334
864
628
1222
536
574
567
771
520
1198
1336
519
632
3744
892
595
933
548
543
689
505
859
565
1318
877
547
600
548
764
860
2065
17807
546
581
1115
1389
843
1436
1059
1147
778
522
759
509
581
1493
806
733
601
545
950
1273
1385
1311
571
1574
2057
5102
1396
661
1027
735
563
855
608
2341
789
758
533
605
652
1355
1717
662
979
808
1684
951
977
614
706
989
778
3376
766
1533
588
1230
1493
1497
1637
593
1599
1164
875
955
522
660
701
2027
1828
664
1231
938
3829
636
1355
596
5632
2355
592
854
2391
605
742
500
1301
915
1173
979
885
971
547
675
667
607
770
560
1622
1530
2725
920
692
519
632
580
1214
527
550
520
940
879
511
2659
3840
1081
915
689
1505
516
1598
848
1113
1189
1262
667
578
631
560
594
746
559
538
507
665
763
698
546
534
607
3398
558
569
514
702
1135
618
558
589
1450
669
911
1940
1170
833
1159
520
545
503
551
515
722
500
1121
623
697
688
622
644
536
642
867
1174
1667
1291
1362
705
523
676
1177
1260
620
818
928
694
1037
979
872
523
808
532
799
544
973
518
598
633
739
1097
1307
638
631
1277
576
511
621
525
515
765
613
797
1614
680
1073
886
825
524
605
584
653
766
814
612
547
1445
2144
538
732
1621
1358
1117
1035
1953
610
546
538
1028
521
1172
593
1232
518
638
543
705
915
3678
500
614
506
1004
954
836
771
666
1133
566
799
545
1368
502
568
607
530
1009
533
746
1078
2112
638
790
681
787
709
1046
767
707
1906
511
696
709
2214
816
740
1117
2850
1766
778
538
591
577
1026
1112
589
546
1506
867
1150
1620
1119
643
3698
664
3891
1108
701
627
622
975
622
3210
1367
14704
2561
2771
528
1961
990
512
799
629
1183
632
691
1056
713
848
1277
648
615
1335
527
1328
1092
2746
1865
2427
618
601
2106
1060
6673
3580
3885
1043
514
880
652
676
501
1236
501
546
4338
810
514
579
597
727
690
506
1095
613
1045
664
1258
591
530
836
5156
615
596
540
2835
3609
1828
543
520
598
548
547
509
554
727
920
521
653
1014
712
513
613
612
1140
1098
798
1371
592
569
887
657
1010
926
800
2806
680
698
600
723
616
683
2156
4976
1078
1027
2199
1235
560
6148
1213
585
1266
747
575
1288
536
683
535
512
667
645
667
1142
1454
717
967
722
926
664
534
734
500
692
673
908
618
1905
1844
666
1398
956
1103
1028
648
1055
763
810
512
520
736
817
583
624
639
858
516
709
671
733
580
511
827
896
1074
1270
1020
606
802
501
511
673
2575
643
550
839
920
676
943
519
671
1197
539
537
2663
1127
543
520
558
508
524
793
566
1001
500
623
888
555
562
808
1260
901
600
548
977
670
2264
544
556
561
984
2133
2251
1242
2830
3925
2623
1005
5474
1721
657
650
532
1086
713
651
512
623
534
513
1116
714
500
959
965
603
608
723
552
750
825
573
965
1251
1611
637
573
596
758
811
672
605
718
556
850
999
631
522
1522
1217
555
543
806
651
2271
989
703
583
640
627
945
3414
1400
559
857
791
1041
1214
768
645
575
830
658
605
500
661
640
1769
1000
1458
550
513
1071
1071
954
524
1200
903
754
592
554
639
628
569
726
655
1158
613
583
624
563
575
1031
715
663
818
882
668
516
765
547
793
2068
753
774
1440
611
2621
4652
672
726
599
1127
1344
536
522
4914
972
1368
1108
695
957
1489
896
705
956
950
600
810
567
501
596
7932
2664
538
742
801
1882
538
715
700
529
2460
1288
564
1026
1079
503
1028
3082
576
511
550
886
995
1196
773
718
528
1295
1086
519
1003
537
546
785
561
1849
728
1280
1036
540
548
1034
1706
731
747
643
591
571
1560
721
1077
570
1667
644
1049
814
1379
698
509
517
1188
589
874
500
801
589
719
718
553
626
983
981
642
592
1757
1605
553
525
1459
1006
868
529
827
1080
1764
903
827
1380
903
571
584
607
565
516
927
702
609
555
733
550
678
1110
812
1049
755
528
647
1207
860
1089
1366
771
1417
886
1125
784
599
552
747
831
756
630
517
932
598
2340
587
784
668
525
622
675
875
656
711
776
607
1763
2494
797
1141
1503
505
735
606
785
1288
568
791
548
559
985
675
513
804
779
659
534
685
638
719
1589
509
752
1006
1820
1000
565
706
620
567
512
1767
768
1128
892
711
680
1229
2420
564
645
986
1618
874
1336
853
721
1246
847
1126
521
817
539
994
940
846
748
733
5444
609
685
708
971
526
2164
4334
1099
1304
827
1234
542
533
667
576
1308
1006
612
1143
619
1189
1908
848
1022
666
1197
824
1431
631
579
1353
599
607
706
575
737
1015
1428
1978
585
613
517
653
504
563
528
890
658
607
705
567
1194
2080
501
2652
834
553
578
5194
628
1294
3964
2272
1150
605
1769
3092
4125
4321
839
3098
548
1089
534
5377
602
1097
624
1281
2086
3596
648
566
720
526
650
985
539
848
696
1609
854
999
727
553
1244
2003
537
702
3086
2117
1858
2896
1341
1234
554
1267
566
524
626
528
698
1775
852
966
915
644
1279
660
534
831
1082
730
2330
610
926
795
576
577
752
564
1253
527
1348
1724
631
672
3242
731
1714
1152
607
3259
2579
887
787
615
681
518
587
1109
746
777
549
515
1424
1149
1363
859
603
3516
4116
663
805
579
550
1234
502
831
714
870
590
1372
665
667
571
526
1744
1308
742
1502
1461
570
551
630
909
619
501
888
760
585
945
809
1586
3353
554
912
581
566
557
872
595
558
665
685
991
720
518
724
560
507
502
958
979
659
726
534
580
557
863
884
2149
643
1204
964
660
1151
657
710
725
763
2854
940
590
657
591
2219
633
581
667
596
1014
517
1018
570
849
1979
940
878
1795
832
617
680
1933
1259
5444
568
708
625
606
617
534
663
697
522
591
886
597
602
506
593
712
751
606
598
555
820
524
619
745
2282
514
625
697
1019
1157
718
535
751
557
582
545
504
906
593
587
564
553
683
817
1313
524
987
508
623
525
504
595
604
677
595
661
2039
500
1725
1189
1399
641
3124
1768
506
915
547
653
756
3710
2394
3485
1582
913
500
1106
535
716
761
761
529
979
632
540
648
1158
906
668
836
8286
843
1525
523
3191
781
569
673
1488
962
813
587
871
991
1156
510
2194
538
666
797
1036
895
1072
658
625
3856
657
509
555
627
548
1513
821
748
674
527
821
869
680
705
734
609
903
533
736
2011
973
806
683
536
1210
648
578
617
1229
926
985
1130
615
755
1070
592
1242
582
623
514
921
710
642
657
2210
999
1737
588
1555
838
1379
2936
2174
1376
750
573
708
770
557
901
597
932
944
758
830
537
667
857
1109
575
515
861
541
960
602
537
838
614
827
888
1806
706
788
883
1123
712
701
595
610
1667
757
584
898
608
609
913
599
2645
712
716
1413
612
753
1941
820
1047
856
1945
1229
1869
804
1682
6866
789
4402
1948
1537
1112
669
696
1076
1623
1101
2957
877
1531
2109
501
702
2296
1139
1100
1625
1190
1995
512
949
648
1262
976
506
1035
545
1293
706
781
606
1582
657
1346
1136
1384
2345
630
693
1582
520
1256
995
830
803
860
691
1141
2026
673
704
1417
871
803
527
1467
677
572
594
1106
508
1117
871
838
567
655
535
747
516
609
665
534
542
645
1696
3729
1061
565
684
564
518
634
861
1395
779
1427
1210
528
544
656
502
921
964
1001
763
2615
761
580
1819
682
624
914
744
630
735
588
576
604
906
1682
986
849
535
539
513
695
1178
741
1079
704
675
553
884
1515
697
586
520
708
787
502
546
680
1220
667
1111
1978
573
685
1221
930
514
525
545
557
663
598
991
522
1600
652
517
833
613
4086
531
510
852
546
575
825
605
518
531
816
551
1514
893
682
553
1038
966
2519
564
502
673
729
649
617
1428
621
755
556
699
890
894
753
1387
1930
666
1873
744
1300
771
814
1252
563
1903
1671
628
3966
585
672
933
636
2847
1084
609
988
625
1256
944
1689
723
624
682
566
1410
531
641
1175
721
974
510
679
500
709
702
541
506
702
731
823
720
549
686
859
775
674
1397
604
880
586
647
589
550
543
505
2102
637
741
719
680
541
543
2030
533
1258
571
658
1983
509
810
1753
630
626
947
522
649
629
1270
746
959
939
559
548
1367
883
512
1038
695
565
711
724
968
651
871
2109
575
682
549
904
654
762
811
922
540
948
807
519
1968
2281
508
5360
571
705
500
830
500
711
511
760
4009
1184
4254
848
856
573
520
1152
794
537
829
758
1075
545
649
794
554
500
688
580
594
1011
912
568
521
633
564
1308
3026
4615
2592
607
1238
2621
571
13139
541
505
557
1957
1014
2915
1556
7388
3724
559
1163
560
530
672
1100
827
823
1889
3113
1354
714
624
752
878
755
1249
800
623
820
1418
977
1121
570
964
547
2681
729
2882
4132
1768
625
828
651
1376
1136
886
1510
542
654
556
564
531
543
1231
589
1899
1227
1069
654
672
907
1084
743
586
638
579
656
578
1525
1618
635
2469
661
631
738
1200
699
559
558
545
518
872
1010
1621
1186
1282
829
1929
884
631
2418
669
1161
786
2777
3303
1131
854
2050
947
2024
696
608
902
2516
528
596
516
1075
907
504
524
2070
3542
819
903
1257
598
672
1705
504
501
854
543
959
906
520
613
771
505
565
1081
582
709
527
640
1454
1945
3713
1834
630
508
705
537
840
833
1054
526
508
1745
603
564
1593
2423
611
621
709
549
658
583
605
613
760
765
668
832
2039
2462
836
2085
564
578
706
818
548
727
2930
3451
1012
611
597
987
1076
684
2146
2167
560
509
620
844
565
686
855
562
1601
1994
1703
533
3377
1269
1008
874
610
6421
509
4092
991
7076
11214
6821
745
16492
949
772
586
868
6446
1077
1190
1453
1267
701
532
730
946
1042
896
1859
588
759
664
766
898
730
691
925
731
619
1002
669
1121
705
839
527
924
500
1601
677
655
535
6044
1032
818
522
622
515
576
848
567
567
1251
715
703
742
983
502
591
2525
571
538
693
658
738
1018
559
1226
893
1444
918
523
670
1502
751
1876
1277
680
732
1388
1138
846
680
624
1328
1303
764
529
592
731
1552
3092
1188
633
504
684
531
990
1277
503
895
777
942
1548
607
554
3196
3983
811
511
980
687
697
754
593
635
702
801
691
599
562
512
524
732
1869
633
971
1475
1192
507
819
533
801
729
1181
805
1833
1146
573
577
626
680
560
718
626
655
767
882
501
653
1182
508
1580
919
756
574
1563
1668
557
1180
833
653
541
617
634
1057
1317
843
876
1698
758
1604
602
544
875
934
682
935
912
660
781
812
555
3241
3086
2297
1991
1612
1057
1087
720
675
568
715
571
528
515
680
517
847
521
4478
2045
1981
8668
1270
1381
574
770
966
4312
2362
517
1024
548
570
2498
977
601
702
1193
1044
1538
1775
785
1089
1482
643
712
648
607
625
596
1170
673
625
794
959
721
635
1307
630
738
793
869
786
549
1771
546
523
870
637
513
1459
1238
889
680
686
1340
560
963
2099
740
1769
2097
714
550
4428
676
1553
710
533
589
1400
760
516
589
959
827
599
749
1114
576
1840
670
825
1106
1106
2510
1033
716
1215
1663
676
815
1178
750
668
528
531
597
869
905
656
1457
776
1034
1090
760
1393
838
535
583
1429
595
588
775
673
844
905
5053
689
556
4142
622
4487
710
1069
504
820
764
1788
663
607
662
610
1541
625
600
820
1065
621
540
1265
2724
1016
1617
906
711
518
829
658
1614
1294
712
875
544
511
520
551
1073
556
639
739
759
561
622
645
843
610
590
714
774
578
904
943
2610
710
845
544
1277
655
1312
666
573
526
574
622
713
976
716
707
700
561
938
516
4950
11505
579
1629
520
616
1049
787
531
724
842
1223
614
677
1267
525
902
522
726
614
9422
598
869
926
545
2171
701
748
1235
635
906
667
1349
634
589
890
610
653
506
615
760
696
1316
1418
671
1057
1103
730
1007
583
542
961
546
1294
2374
723
561
550
532
664
522
844
1314
691
738
4288
4957
525
929
582
720
677
695
809
1695
839
638
868
525
993
530
881
636
867
1489
2785
2551
719
1226
3706
767
1091
582
674
868
601
995
1245
596
743
590
1302
961
1336
673
1523
879
735
1510
884
547
767
893
527
600
522
727
577
1672
3427
606
814
979
901
777
729
590
892
529
697
607
983
1542
2028
2132
641
806
948
601
2643
879
2524
4457
1546
672
589
1513
3050
599
1041
653
984
1077
626
1491
648
1087
1338
2261
1853
858
2696
703
678
633
1000
630
642
730
531
637
1279
686
699
1034
555
717
711
1243
1316
4608
517
506
1237
1205
1330
3849
516
851
1900
1118
665
594
668
549
520
620
1837
1072
530
630
817
536
1524
515
706
2025
690
521
1325
2817
740
642
1006
711
536
548
1015
557
853
556
519
607
726
519
805
1965
755
977
650
688
2396
1268
4640
655
562
738
1237
684
815
1855
639
591
584
519
678
647
689
1770
503
630
2459
573
552
883
1846
681
718
517
1343
516
1526
1037
707
515
1127
3852
574
4896
1264
544
734
529
558
593
633
720
532
928
3418
502
666
914
575
679
638
967
933
570
574
596
712
970
970
1249
993
939
524
549
531
668
537
825
1136
1071
1606
628
944
665
743
1147
1495
1743
1241
666
1889
656
2135
1864
1328
724
830
653
907
768
862
1007
1663
4248
2595
4739
574
939
587
618
869
520
1197
638
527
1293
690
695
927
1262
2205
869
891
578
589
623
635
549
4439
893
1017
1249
794
585
726
1044
848
820
595
580
781
1589
662
645
698
1031
509
520
780
646
563
542
751
985
895
1381
1606
542
1007
593
1232
564
819
536
508
527
612
1904
8204
716
1391
683
633
532
521
637
621
563
704
1117
4582
619
666
975
827
1853
1084
1701
839
3148
598
1449
519
1416
637
621
502
4012
876
734
2405
567
1090
726
665
503
520
1163
594
622
615
1068
576
638
684
742
598
507
606
1019
608
705
1329
704
636
956
635
651
560
977
1206
816
513
2075
567
647
709
514
936
640
604
671
658
551
1856
759
633
635
604
1072
829
1482
773
1053
1300
678
683
660
874
735
1067
627
2413
1178
2625
3348
811
1247
2088
1911
585
1574
949
900
938
603
689
585
1651
578
719
639
736
669
658
879
542
633
521
1924
551
2022
694
816
2003
3357
549
618
666
829
573
544
664
805
1028
779
502
2433
6368
545
660
1484
990
583
578
1053
506
777
649
514
525
779
2115
757
1568
771
671
555
732
661
2381
1134
848
2091
937
517
557
787
1156
5247
2266
1136
634
1262
548
529
612
2389
540
637
529
523
585
646
971
873
582
641
1227
902
1032
631
607
683
762
2854
2653
1205
515
604
551
855
1620
744
566
600
719
769
787
547
670
1437
692
614
741
1832
864
823
657
708
535
687
538
594
4573
911
747
648
1664
602
810
600
767
504
525
608
510
1319
1691
1130
1116
802
1199
1113
717
1504
836
1641
570
706
528
864
1569
1030
1256
848
1733
735
1014
537
701
1611
551
530
558
1081
510
1553
971
684
593
987
1405
753
886
1995
3251
643
2400
787
4487
1060
583
919
804
1244
1176
543
701
522
2862
2813
804
668
3505
1608
1109
2132
5579
612
528
2369
769
556
553
1600
566
532
727
931
1718
546
1141
585
666
501
676
728
910
572
629
1079
563
2046
626
931
1321
854
724
2179
1020
511
587
550
1600
1357
759
2869
524
1339
716
562
738
677
975
1055
4870
4523
1770
1083
760
564
733
725
545
575
876
883
594
607
2296
729
861
2111
825
841
1022
1678
632
524
768
576
1226
600
865
1661
1141
636
636
1939
938
900
1032
681
687
895
565
577
547
625
795
631
780
625
780
502
594
539
1097
1597
678
750
515
886
860
676
1026
655
565
724
1016
936
5756
2822
1399
1432
625
505
502
509
502
619
1981
994
3614
7267
6648
1264
1926
1529
1184
1059
524
589
531
739
634
702
735
570
1090
1233
846
2798
1194
1592
1264
546
649
852
1048
897
876
1470
863
658
775
1131
1148
774
716
1027
616
934
783
546
737
1171
611
539
549
920
589
535
672
565
1026
695
833
523
2957
545
561
572
517
565
515
1793
552
610
522
905
660
684
560
503
636
2774
992
760
535
507
805
749
536
515
600
968
613
728
989
1240
730
724
684
2509
2189
1010
922
657
785
579
585
5342
5726
1301
2814
704
598
588
2353
3845
1231
768
1757
523
911
675
2152
978
1268
952
539
715
1146
639
543
502
828
653
4586
656
3219
515
613
589
708
2385
1734
592
2397
536
10300
1031
642
2064
5329
1715
1025
805
1066
729
725
628
594
781
632
839
769
1223
720
561
1893
640
1177
1051
564
1009
722
712
944
630
1649
1830
633
949
691
702
509
2230
742
1404
1627
794
541
838
634
771
2894
1467
1292
911
534
526
538
841
710
555
504
527
1514
2198
3075
804
1140
572
764
703
515
4766
726
2454
1548
2003
2965
811
2590
1637
698
552
1413
3109
586
1267
1697
598
574
1246
534
773
719
581
538
551
569
856
538
777
810
836
559
1108
892
2099
790
1120
2506
766
1845
590
555
727
1177
535
629
735
517
757
1709
567
577
727
576
1056
643
1175
1118
578
4016
892
1562
576
501
3669
1070
861
601
606
899
624
4142
1298
1176
675
845
564
914
718
879
621
1182
617
782
890
1237
617
723
696
1103
500
813
621
818
512
506
629
528
557
850
916
1062
518
740
1087
622
910
641
1439
613
574
733
520
717
619
540
626
1702
1664
656
2304
933
2345
1893
614
608
1280
792
2392
634
1359
2311
1079
699
2188
2741
500
840
677
1008
605
2383
1080
2410
1638
1302
1379
629
1097
1388
557
1827
1974
563
899
580
587
1162
564
576
753
509
522
611
780
769
929
580
531
614
645
1301
2031
596
674
539
1104
557
963
526
561
837
975
528
655
571
691
636
561
624
613
558
516
760
517
527
528
940
669
529
504
853
5083
2853
566
690
533
1230
554
2566
598
1002
1200
627
603
682
730
563
588
1375
758
567
1140
799
1459
1071
570
1518
817
909
597
604
528
585
535
890
1195
1581
517
504
527
855
777
2220
829
604
1200
916
594
987
669
843
1088
501
771
1841
579
1452
841
581
506
565
1082
606
1414
2821
2715
2683
931
867
602
585
510
570
669
1783
1024
558
689
1117
891
790
741
616
813
1549
1282
1231
907
920
642
535
1017
712
653
878
771
529
559
591
808
613
831
509
3091
1001
1679
7317
2414
533
923
1176
646
1305
623
558
596
2215
740
662
617
878
630
563
538
780
909
1052
552
552
678
1141
2056
918
938
1049
668
1309
1087
709
2079
530
505
1929
916
511
818
2309
641
869
3292
959
518
1700
946
667
650
709
578
746
615
586
511
835
911
604
887
908
559
880
597
988
529
613
514
627
647
690
548
731
584
749
878
672
1371
945
552
2184
1693
642
1481
517
563
526
524
1224
1501
2248
714
958
1166
655
708
571
1041
724
1838
3406
667
716
10867
536
606
675
1994
1254
656
895
658
621
877
681
660
768
1749
504
902
715
829
612
563
2377
787
687
628
501
519
1161
537
842
516
630
837
812
1738
2452
3124
783
512
549
541
1004
776
1269
1320
913
573
546
529
524
568
889
590
806
1088
679
504
528
1232
730
634
926
632
824
520
598
597
1059
880
500
689
606
2084
566
911
2632
3100
1723
623
553
613
520
647
529
707
736
1305
6916
1339
3100
2852
3117
1050
866
503
586
530
855
710
604
1096
725
548
611
2350
2094
2206
1667
1387
1578
1135
564
770
590
790
578
1228
505
656
597
606
642
519
991
965
539
4926
2161
2095
814
811
702
878
524
762
612
567
594
1196
923
695
1113
730
2124
4184
576
2165
735
662
535
520
905
774
587
661
799
910
544
576
663
538
509
801
744
536
762
648
769
776
916
716
559
652
804
667
629
831
606
716
721
546
647
876
507
608
871
638
1250
795
646
521
1385
3177
835
813
507
1043
808
985
641
618
679
571
732
737
576
741
633
691
564
867
807
850
952
548
658
589
805
704
541
880
1334
1700
515
589
749
1197
706
586
612
619
539
893
826
639
517
717
1453
758
817
619
2195
1511
1619
2398
1148
4050
3494
1606
526
742
718
1502
588
501
533
632
691
3511
662
708
529
799
530
781
532
1205
1654
889
555
694
567
3266
1170
541
684
789
2489
1502
505
683
1254
753
756
656
887
506
1168
860
1022
1249
685
656
766
648
851
721
980
745
814
998
765
580
843
1058
667
1112
596
600
536
763
536
751
2139
658
807
990
524
549
690
2771
765
806
1535
2048
847
11090
5796
1057
10038
1169
896
631
1057
763
644
676
537
1120
959
549
515
7378
549
569
1372
703
2438
551
3115
596
707
1383
522
1121
1061
1148
880
914
920
652
641
1131
1918
620
913
503
1411
671
1980
652
595
548
812
526
737
506
508
657
861
1518
2614
572
894
539
598
1208
1614
790
568
654
1024
1061
648
1020
533
534
525
1320
568
1085
883
706
1764
1259
601
752
733
746
653
592
980
887
1145
522
1291
1002
654
774
755
591
545
797
731
764
616
547
900
550
623
501
633
1577
1081
597
507
2426
598
1019
2390
663
912
777
703
820
1139
672
872
622
1306
694
700
711
3208
1618
648
860
867
539
531
519
833
716
591
783
1062
631
524
1328
605
676
571
555
573
780
602
523
2589
544
610
1354
1252
1012
865
591
850
590
847
984
1541
852
637
663
577
1198
693
585
1343
750
1208
577
711
876
528
629
856
542
538
568
608
603
779
697
526
507
754
645
979
983
1372
958
504
806
1260
562
508
1762
1116
684
2003
1723
538
1039
696
1411
774
519
961
1754
1484
578
733
706
550
685
771
1200
538
752
1108
508
634
908
586
914
522
500
1888
631
886
641
2892
745
3368
1322
572
685
607
570
780
2301
909
1247
3826
587
2633
1205
716
753
888
2182
801
911
824
525
1623
612
543
600
881
792
736
765
523
820
509
544
717
1008
1533
582
700
615
1460
1439
1633
1724
697
526
1205
772
1367
741
1052
606
802
1348
518
804
587
883
513
554
2566
569
635
708
507
539
893
552
1499
2557
653
619
768
1332
724
935
1421
1969
786
698
1504
580
1104
865
774
533
819
812
697
752
838
509
557
706
521
507
500
609
783
4466
1348
4190
559
615
577
1003
631
557
1171
855
517
535
591
705
527
503
1029
766
587
568
822
1152
570
682
1169
1570
528
669
972
834
1572
579
750
654
570
661
4828
2457
3278
2978
1006
2604
854
789
570
514
1408
1150
1259
711
517
1053
974
905
1057
657
655
921
515
664
601
578
542
664
1278
515
857
792
585
513
588
715
755
882
1558
1064
697
852
502
1741
719
501
1072
532
509
642
895
707
714
603
1018
585
1879
1620
708
1383
535
743
946
935
642
1076
508
731
541
574
856
829
3325
636
1414
1267
652
547
561
524
657
1001
1720
705
520
5710
1044
583
689
1352
1765
2757
1308
517
1045
950
1903
1863
1032
2248
4121
2295
503
500
1518
5504
703
1319
863
1848
581
815
768
1569
531
500
1615
663
846
749
697
644
549
1746
1031
1362
525
671
587
1819
502
840
1100
738
553
933
3926
4083
1889
695
875
2328
2282
507
1149
502
1590
908
877
1891
1554
1578
778
510
1042
1469
1381
1411
1450
2170
625
812
543
565
570
808
818
608
527
651
1673
612
1701
579
540
558
619
636
595
899
1219
532
975
760
1283
1191
528
592
508
702
513
1163
2115
1274
557
609
2187
1571
824
785
906
599
1081
515
636
581
813
945
1046
598
759
673
533
501
1403
956
818
1143
790
1048
1227
1945
955
1132
605
634
710
534
876
831
1588
507
536
565
720
547
1258
1363
661
586
934
506
681
528
584
1080
900
592
963
703
817
676
1791
1175
799
532
778
571
1180
766
593
639
537
627
835
4054
2612
713
2107
830
2413
2498
932
536
546
1595
672
738
725
734
702
519
585
505
652
873
595
533
690
833
561
832
708
539
722
684
719
1633
869
514
655
4000
528
604
594
799
534
622
612
950
590
801
648
724
1101
816
1056
610
663
551
3110
2762
597
577
609
2923
2035
599
1002
541
602
990
552
1053
757
610
991
577
1099
1027
672
559
748
527
820
839
4060
628
900
689
685
1053
555
574
548
569
724
522
591
860
691
515
554
783
786
764
2267
680
3962
5632
810
1414
1561
1129
1028
856
874
535
1153
1123
554
863
565
895
508
726
627
505
510
521
678
4510
2050
2235
1983
688
1068
663
548
503
614
570
761
589
661
1030
652
1500
647
584
1554
730
607
730
748
1403
837
527
731
881
1491
5379
2218
1123
1125
791
1021
1130
545
3849
517
606
723
605
862
569
539
1183
515
597
891
572
877
529
509
709
891
621
531
6485
1188
854
1259
539
2185
534
548
620
1618
673
1749
660
698
615
734
978
581
988
1344
882
964
542
501
5209
2947
2254
1001
1436
790
541
552
1075
608
2592
598
1146
993
2601
582
1479
697
516
569
802
1325
597
755
693
790
651
609
592
2160
732
1700
719
788
541
941
834
829
511
737
696
601
841
572
1038
536
782
543
502
517
1261
545
900
516
517
541
546
1280
1843
523
2320
750
961
773
1176
897
594
828
695
514
728
992
902
568
1685
512
728
605
570
2326
553
3265
568
1944
978
1062
3672
629
522
1149
648
900
1629
598
853
775
650
1215
978
628
535
634
970
742
1435
2150
502
1397
3027
1659
726
573
705
551
618
785
879
519
709
838
669
847
561
859
501
650
901
515
693
519
607
1770
683
1308
986
633
771
711
537
620
771
540
697
654
901
1081
1127
2016
1486
1328
1310
2051
1815
989
676
558
843
674
606
659
534
506
636
578
2177
1131
649
563
1612
906
533
764
1877
745
1213
512
648
5605
3019
1674
664
522
568
1120
834
868
1526
700
2533
1464
891
542
862
1290
649
634
606
771
791
958
533
761
764
660
1079
1542
529
537
804
505
731
848
1660
1670
3523
520
665
573
805
502
1712
1422
632
583
614
881
544
649
1630
4158
935
553
2962
3437
1354
1160
3127
1793
538
523
887
1748
958
606
1212
1125
518
697
629
776
624
788
982
817
850
3704
599
686
1408
935
1049
784
1422
572
753
731
580
736
1770
2937
5411
1690
782
1457
1036
612
3123
5570
515
577
1461
2276
655
527
577
588
857
835
650
1456
940
1020
938
578
1116
1601
1313
1037
3054
971
525
605
864
597
1041
1581
1693
626
501
761
713
583
1696
1122
571
524
1726
745
565
635
1075
505
568
585
822
630
1142
892
799
1815
2113
2424
1248
744
2164
2591
547
651
767
876
1350
585
785
643
942
1253
532
681
841
1846
1366
593
1020
8594
744
699
750
1670
693
1362
1544
2183
3819
606
509
1387
503
978
1750
514
737
506
566
1274
1035
546
1096
543
953
555
562
587
740
1066
544
1388
811
855
634
561
552
1517
3026
6401
516
928
657
885
553
537
559
558
1098
1096
756
1022
621
780
550
548
546
652
2617
518
877
868
687
1433
833
1094
526
805
641
1434
821
997
635
1382
907
974
814
1034
615
540
1093
541
746
1114
871
532
919
3606
594
973
898
663
530
2736
1079
513
529
1130
974
1018
660
524
617
898
921
673
594
647
506
587
569
761
510
2175
1262
620
511
676
645
800
542
629
984
677
653
599
521
685
899
591
511
834
628
542
794
581
583
523
605
1031
545
558
1124
585
2320
1191
624
506
530
592
2743
866
634
519
514
741
687
500
517
643
566
515
946
1103
665
789
511
631
572
679
612
707
673
737
725
639
534
1291
857
955
758
887
5344
558
765
831
1040
987
574
916
669
607
3652
1160
1726
534
670
602
555
574
630
726
659
618
663
1022
629
614
511
539
1231
509
1186
581
503
605
774
1939
832
744
1788
611
548
670
1232
1005
815
885
645
1076
567
670
523
1308
587
648
1267
3644
1996
1865
1928
2480
630
1024
571
875
871
834
564
526
666
1020
581
967
536
1535
512
1195
615
665
1043
744
2047
2316
811
640
1010
1048
931
561
532
773
796
619
588
686
1300
545
934
501
627
1056
555
635
501
1512
509
1570
1469
520
6465
702
559
628
751
661
779
660
855
587
522
851
569
561
513
737
3161
2019
5067
512
909
755
530
538
873
713
721
588
500
579
877
627
750
507
1160
615
519
1448
726
932
848
756
1019
1168
733
581
1103
538
581
588
561
663
595
2302
873
802
1272
2541
551
998
2170
746
725
621
785
847
569
867
560
709
630
1008
1410
933
1356
1057
662
693
1128
691
999
821
689
509
1887
700
734
1382
684
1967
879
727
837
1870
881
722
937
1530
1927
614
516
628
578
593
562
559
889
814
520
773
953
507
707
605
569
848
1039
771
646
791
1461
1276
851
645
1203
2866
845
6420
2943
2905
575
632
579
509
539
838
551
2231
2902
2839
507
1085
544
588
2434
1808
508
527
815
1446
507
528
700
551
1680
507
695
515
1878
837
2051
1574
1337
598
514
3921
1786
1067
1983
2328
1552
1430
779
717
1659
528
564
1047
713
556
589
640
872
556
932
620
709
689
931
507
2990
1126
738
803
804
757
2115
715
917
542
791
1117
3145
1043
584
983
4560
1213
590
704
617
793
723
1129
1307
664
982
507
883
1011
1287
520
677
536
1171
1296
2029
620
1171
672
1162
828
1085
733
1355
650
1070
1310
1168
1391
645
537
706
1485
1007
646
656
3413
944
590
750
500
5888
929
1494
569
681
621
503
1176
637
1050
581
664
983
1104
2325
859
938
536
1520
730
601
581
678
565
537
685
696
642
748
721
2796
837
1066
525
932
573
1062
1002
1026
596
849
625
652
878
1921
1076
948
581
525
769
526
878
652
1265
1092
758
637
582
596
638
685
624
1740
1039
831
501
930
1538
1745
1744
507
762
523
786
2387
877
597
579
604
507
511
1921
931
803
770
571
865
1320
627
514
1088
970
516
521
1185
960
1377
571
568
639
661
925
765
1232
635
525
644
685
841
578
692
724
660
3090
536
662
3043
1527
3881
767
596
697
3550
570
537
693
573
602
1113
660
544
1436
561
560
842
511
622
1188
812
607
505
518
504
581
566
1181
812
667
1046
1355
874
522
1189
838
840
506
683
886
561
1093
655
645
567
720
1020
802
640
829
851
1351
6897
770
10697
1264
503
736
1620
837
1988
1166
1445
550
3517
7699
1009
565
547
552
548
619
679
539
571
741
1007
654
645
656
722
555
787
646
698
1112
654
709
537
658
544
556
844
747
573
585
1619
701
907
1932
515
637
619
585
533
597
615
518
549
754
506
740
848
1060
648
2504
513
717
855
547
746
1085
826
565
515
2691
843
2284
1419
770
1209
557
3534
1058
1227
956
609
1121
501
556
674
1219
1427
811
895
3828
803
625
878
765
527
605
703
518
1165
869
591
879
849
779
788
543
1042
2851
654
533
676
1104
711
976
758
614
512
617
799
644
602
653
544
905
637
1506
583
843
1104
688
750
522
3118
1504
1863
930
2111
800
1385
686
504
1227
3897
1544
731
622
514
1377
703
726
696
538
1656
507
1015
988
812
716
2233
1257
534
2131
880
501
2776
2219
1597
1928
664
1581
1188
592
584
1046
712
580
759
709
1218
631
618
1446
864
885
710
1005
827
595
1278
691
1243
811
699
554
1152
698
674
1122
3003
500
872
709
646
1715
1094
1317
743
502
515
2360
1206
981
1560
519
1050
1059
2179
542
627
1850
995
3075
2142
757
1168
2511
1505
1347
2954
504
581
1267
1330
1197
692
632
2972
859
617
665
812
1467
1149
1661
735
755
626
1024
1282
1007
2522
1060
683
606
1131
898
1280
871
524
741
875
563
751
583
671
1004
1870
780
506
723
569
720
691
705
531
519
527
715
1010
675
617
579
591
537
1062
917
592
541
1820
690
575
780
680
605
568
556
4452
970
714
527
601
698
709
650
702
639
777
714
542
2246
3529
754
1884
1484
781
2506
802
656
920
924
2514
662
739
557
1138
734
1269
739
801
571
508
500
676
807
500
698
667
507
771
1023
513
628
661
901
987
3273
647
590
784
2044
5567
2944
1993
1904
640
728
972
13238
2088
1784
548
6206
524
546
874
737
641
677
847
722
997
673
925
823
611
602
1003
745
648
1073
846
681
880
548
748
934
2239
823
2728
1108
994
637
940
593
561
630
775
558
593
946
4964
689
931
1347
566
536
586
692
983
654
557
2234
824
564
882
610
776
1315
609
668
1156
2480
841
1149
534
3615
2891
544
3599
2047
716
665
624
774
5154
2308
1269
2744
850
5418
2722
3615
933
784
1028
1961
2347
2208
3001
2084
558
1713
1232
632
810
557
500
634
1438
893
1095
1087
827
535
797
512
2203
2448
2631
2290
1245
632
1403
694
702
607
680
548
1071
685
656
597
512
536
523
690
548
618
636
1209
737
642
736
3421
5808
1445
9173
1692
4751
1541
996
610
819
511
1154
784
1153
1102
920
511
6970
655
1359
1211
633
533
512
4546
976
593
3110
1793
729
1053
1273
571
1053
730
517
707
654
1097
846
589
777
560
1097
1081
508
1285
670
3249
504
774
535
2644
1144
1539
1148
1173
1218
1195
957
1265
592
544
1058
507
509
521
601
577
538
579
638
516
630
673
852
1396
701
890
836
1579
764
765
610
964
1725
874
622
673
1832
592
682
598
1388
1138
9281
3400
1166
842
788
1130
3972
707
2186
4481
986
501
555
682
552
852
4910
697
625
953
739
655
512
647
1235
505
1283
3081
1150
1302
1943
3908
5461
1267
611
1863
4443
908
914
661
680
899
748
1103
689
507
1412
643
664
1149
500
857
1615
779
533
1743
622
916
4276
2077
1033
1969
521
766
526
564
806
1229
1031
941
1677
1377
928
907
818
657
2181
3364
948
517
587
1260
792
643
584
568
537
1034
757
650
628
837
531
592
569
721
669
946
1186
694
1373
502
676
1213
857
1800
787
1023
725
1005
6699
787
589
699
605
535
565
728
650
917
515
1364
1013
754
514
514
724
914
1119
708
754
1192
897
528
764
605
1631
588
899
1762
659
609
1131
690
951
649
625
1333
640
2616
2750
1204
1147
843
2235
1007
552
660
1113
742
1191
797
720
1851
2364
3607
766
918
3717
936
527
510
1908
929
985
1144
601
2051
3509
631
626
599
503
569
865
6087
3586
722
897
1023
900
1068
2451
681
503
585
524
606
542
1330
784
556
1218
1894
1677
508
554
2712
615
665
1536
1575
552
555
1399
2447
2342
606
1964
797
534
530
1225
547
1526
591
1272
533
1060
1553
687
737
504
768
668
638
550
518
596
3759
952
3064
1569
1015
683
575
1039
747
787
744
529
716
1239
568
549
713
561
690
680
972
1052
672
4047
1863
706
589
724
1171
694
591
854
560
624
956
1259
1480
597
735
2147
1572
2753
740
865
695
1529
558
505
573
801
984
575
1466
740
500
736
529
1719
689
929
606
743
1085
583
835
825
548
637
680
623
1045
528
735
1039
1082
611
599
3461
992
807
681
1237
750
679
1223
1616
1295
1458
2193
570
553
1273
1379
708
657
885
736
972
662
502
653
705
629
1313
566
771
558
536
640
5298
586
600
980
626
861
1326
950
716
669
776
560
545
1588
705
584
751
782
683
511
1861
916
1281
614
629
1207
601
793
786
667
1440
795
719
614
1048
580
571
565
549
1150
1623
1041
1273
535
3834
589
1231
615
1151
510
832
534
730
904
521
736
971
2528
756
523
745
1062
530
1985
688
966
669
806
578
557
1527
1619
870
1502
1444
751
601
1047
774
863
1436
744
554
619
1390
654
800
776
508
1983
1159
530
503
748
653
1088
618
766
530
503
1134
726
896
662
613
1105
683
864
2060
1351
556
2565
1082
770
857
513
601
610
727
1143
645
767
535
731
735
774
1299
1175
613
9575
2343
5240
1035
885
824
730
603
1145
500
621
644
1891
638
846
721
507
750
1069
594
582
1288
533
1085
547
1054
788
751
695
768
1192
818
703
655
521
1262
518
592
660
1009
788
1158
699
1179
1754
624
600
1256
646
606
596
646
521
503
822
656
703
1080
865
6612
1209
561
1214
552
644
780
713
1129
656
810
620
819
1192
728
1018
1578
2071
683
746
642
3102
869
642
8160
588
2757
2511
1117
2758
627
575
2944
618
981
673
604
1137
1408
1203
642
874
597
559
1126
725
957
504
3150
1054
3767
1296
1052
524
2801
600
1855
1189
5769
4842
3027
696
2136
1456
607
1041
989
3049
1365
1173
1363
546
631
564
598
684
577
718
1168
3666
1368
798
819
1263
830
721
727
3124
1209
569
742
514
520
953
596
1031
988
576
506
576
581
570
745
720
590
513
575
694
560
1292
688
697
550
597
1038
4022
1137
918
526
926
522
806
507
578
669
978
1469
590
1030
843
524
1105
520
1267
603
765
550
692
637
824
1467
701
891
2424
1350
1672
1067
589
912
966
514
1333
1612
2960
1034
671
1266
1216
676
560
664
996
1379
792
733
563
584
914
557
500
535
1254
855
723
512
3938
2535
506
825
712
6472
3032
1001
3380
976
551
795
629
566
848
759
1227
548
773
738
2088
685
666
1279
511
673
636
568
975
516
550
544
516
627
2715
2425
1112
757
979
787
1025
509
654
667
518
770
2292
1550
524
2616
607
906
556
1975
1614
520
1528
523
3708
4450
1228
1971
3918
702
2396
654
500
770
708
1122
895
793
518
2724
627
841
507
986
718
627
1218
850
770
965
593
1126
541
690
1246
529
739
1148
525
534
502
754
608
6297
674
2902
3399
1779
836
1178
4679
3295
2142
1089
1020
1060
2297
8667
969
687
616
560
616
547
781
4854
592
801
812
1029
684
3591
2598
6410
752
528
629
644
783
889
703
541
969
624
707
584
668
969
1554
644
1439
788
744
1595
1361
1156
2693
635
524
1016
1439
1558
2956
1044
1031
1469
615
729
567
672
1444
742
894
529
1004
1129
603
634
629
894
774
1740
729
505
509
824
976
522
1680
526
626
594
1475
592
547
1621
964
1244
599
546
640
577
800
708
1493
2427
861
2567
2659
950
1230
662
1703
786
532
527
595
2175
957
1318
3358
4322
550
824
679
783
532
555
660
898
506
801
529
861
1642
760
732
1764
778
813
687
1424
779
547
1158
2457
890
827
679
6032
1251
1797
1144
688
552
605
548
1092
764
1234
1913
1553
1173
1006
1783
1703
985
526
557
548
695
1116
803
803
922
733
1483
545
1696
757
552
798
726
898
1676
698
655
1219
1885
2849
2838
747
1041
990
568
530
1127
563
760
540
541
1617
592
648
985
813
549
785
603
735
540
589
1019
534
701
933
529
1098
500
692
1442
539
1212
1774
1275
1013
1441
651
557
702
783
991
572
506
596
2185
1435
1032
1292
799
761
629
1192
1029
651
556
1055
966
658
539
614
2390
609
2047
511
511
776
889
1002
858
2828
577
1633
574
819
2506
1204
844
915
518
1055
1371
1498
1496
513
625
1131
2008
2458
806
1091
1474
1078
978
1538
762
1653
911
641
1102
1135
830
604
550
518
1026
950
1025
787
780
694
701
818
550
747
1429
3421
505
594
720
684
695
937
1202
585
1775
1082
876
1032
697
653
691
2180
1135
1502
1463
783
778
706
629
787
875
761
1503
3189
922
1002
1782
2799
2668
762
650
607
512
887
559
1383
1840
1398
747
646
729
979
707
1392
518
530
523
1886
914
1105
714
692
817
530
1063
518
2815
589
517
1973
921
532
919
530
913
552
560
870
538
535
829
584
1374
534
856
649
898
908
862
1387
1103
1212
1192
596
1201
1110
546
515
689
2354
1424
769
2358
1344
880
635
1541
1038
559
581
1372
659
512
552
650
575
659
558
603
625
3935
920
1846
1570
1644
851
629
2196
1250
2506
655
1094
845
742
3532
962
545
653
1701
2861
603
6177
1215
1076
2381
3005
1081
611
4123
595
668
544
878
729
559
623
540
940
609
721
503
938
1047
1280
1702
945
2071
1296
1291
1120
578
1374
1300
697
762
747
534
539
866
2130
710
808
598
846
631
2754
548
944
519
1532
4211
2534
840
861
505
881
1092
1093
2081
1113
518
564
515
621
763
5145
1980
524
536
1362
3215
1313
666
854
580
586
561
508
508
4535
562
859
818
507
851
1703
1058
731
1060
631
587
666
639
557
588
513
514
543
1147
584
596
754
817
1022
510
526
775
851
2252
1041
538
1080
909
731
512
842
1195
1517
809
998
520
819
881
503
1526
891
541
846
546
663
668
852
722
1802
667
560
629
917
551
948
505
516
529
799
617
788
658
539
556
569
534
558
500
712
646
596
573
583
534
672
829
1840
502
651
815
21901
614
739
536
986
708
736
576
1812
3815
552
831
582
745
575
1752
585
813
522
884
595
772
674
1257
616
584
595
581
3397
5085
765
611
579
537
2079
3586
751
770
904
1162
869
1979
1853
1165
1308
780
1078
757
871
644
1118
605
881
575
703
569
717
902
942
4121
897
3898
1497
1960
601
513
504
534
540
716
529
702
613
526
541
578
984
523
569
3023
1533
1994
3288
1806
1239
1642
697
607
713
757
518
832
1079
549
1627
684
906
799
548
602
578
521
1364
519
650
514
729
619
621
1092
1274
879
564
502
1140
1295
744
1017
11332
1012
1079
1956
670
532
1201
1035
506
2055
615
852
1107
647
1033
529
507
696
528
660
754
713
740
537
606
758
871
638
586
751
637
520
527
936
504
1694
788
574
725
803
590
513
573
808
782
679
730
1800
668
642
763
1526
1310
710
528
896
545
721
1081
724
616
1081
730
1062
646
657
938
960
522
597
648
702
982
573
601
527
865
853
543
518
551
543
702
924
523
1231
524
544
1408
559
1041
550
666
535
679
728
979
2224
740
664
1060
898
684
561
523
1983
813
567
567
809
744
644
597
656
644
1755
639
1097
588
651
846
665
1182
636
526
534
875
1465
640
551
549
562
522
716
605
766
568
1708
596
831
557
581
873
530
1092
800
1353
732
913
1006
548
509
887
938
550
761
645
902
785
1234
723
840
997
1103
844
750
1217
896
1716
1198
1753
2876
1555
604
771
2367
708
653
578
503
2105
838
832
1328
2922
1614
1395
2134
1033
4969
706
963
672
1191
876
773
1258
1032
511
960
736
660
762
668
854
812
1086
808
1141
1248
515
570
878
1804
3654
2639
1069
1131
513
552
1541
2173
7288
2737
626
3132
1404
514
575
639
751
554
534
7253
1425
761
536
507
647
724
526
543
656
1157
578
574
1087
784
987
597
654
679
634
678
941
601
507
564
595
524
1200
1150
904
2066
693
1803
531
501
815
835
752
539
1091
698
720
554
522
592
589
922
550
813
1541
698
731
8427
746
1034
532
615
578
520
1670
630
952
624
1772
1956
2928
605
546
3055
618
924
749
729
1075
1708
1568
595
598
1215
799
666
3191
6243
1055
1682
4738
2172
1256
5778
1273
2700
578
592
4007
681
7041
547
506
623
2774
1161
2799
1587
767
596
571
570
569
558
608
521
1593
624
640
553
940
1134
984
504
529
974
2845
716
933
2304
679
1235
1033
846
837
648
1425
2211
1015
563
558
601
1073
575
1570
618
641
523
810
672
1333
687
3141
949
748
636
1445
878
517
1434
577
581
798
1707
590
619
3194
2102
1082
522
751
590
617
506
1518
506
827
588
569
1156
536
647
856
574
1270
510
776
871
1326
526
1086
672
695
1019
1207
820
501
794
560
558
543
990
520
593
503
537
637
556
591
1372
538
587
645
523
757
687
636
672
880
630
549
586
1594
3479
604
578
797
1850
549
1830
1421
509
8222
2309
3626
1893
3587
686
517
858
837
1019
543
946
535
504
771
708
1173
1603
681
1682
960
619
761
1502
1932
1360
643
669
861
2508
565
792
1258
5342
534
596
975
1229
603
699
585
1193
598
911
730
730
798
593
719
539
644
596
2158
1814
2378
503
501
755
3087
1085
715
3561
1999
526
587
1013
634
538
628
633
962
621
970
572
2346
862
910
913
519
501
701
552
560
926
1717
1509
2523
995
844
562
650
837
699
829
1772
1050
517
935
1317
597
546
530
681
609
655
710
532
590
1324
613
522
737
568
845
505
538
893
523
2129
1057
1748
652
1026
1016
592
632
502
651
1241
930
809
680
638
1266
758
1797
1001
1258
925
1401
569
2068
542
939
645
545
880
1954
655
1397
823
618
548
864
803
600
532
830
1692
501
575
609
683
669
535
673
549
568
922
715
508
924
1421
1135
716
1861
688
2398
986
610
1038
658
504
560
506
669
505
870
1987
1356
580
716
512
1784
561
531
1425
1647
688
696
639
527
572
503
643
728
723
694
690
531
1065
730
942
738
543
521
548
674
589
1284
566
550
631
568
667
509
969
574
796
702
565
608
2528
994
1582
951
638
769
692
1325
887
1687
709
1168
586
685
586
601
733
548
548
827
802
570
571
657
1052
1144
1542
631
771
5058
5654
2249
1431
803
1626
1945
2404
1565
757
880
758
655
576
646
633
568
722
629
1206
1195
14975
1337
988
599
552
660
506
1168
1887
722
650
1127
578
659
621
655
558
839
638
644
1027
684
546
599
1869
570
544
802
648
2912
780
1178
882
617
909
570
3426
1643
559
534
529
771
914
798
686
699
883
1032
1199
9551
3136
5458
502
950
538
709
812
789
1090
736
561
2413
897
963
1318
1325
912
768
949
591
926
989
544
1863
663
883
1111
656
521
1086
8262
676
849
595
780
682
574
529
753
754
632
789
660
538
651
678
681
716
872
614
1162
510
3111
2822
1309
1028
545
572
508
705
551
502
666
818
587
1062
513
660
714
905
1364
521
525
1014
660
553
1153
832
573
602
597
628
673
858
676
638
739
511
1574
964
875
568
697
912
948
852
563
540
836
944
1481
567
572
538
869
608
1369
665
602
547
765
581
1092
1799
784
1029
605
609
593
2250
997
1332
738
696
539
765
579
545
1737
643
572
561
530
758
3061
741
956
982
1692
1890
656
760
520
639
612
530
846
502
665
2542
2159
5029
1182
1384
540
3948
2546
558
722
887
1829
867
6946
3586
1106
2327
705
530
583
796
563
796
2236
663
1795
1062
628
597
2587
541
1055
2388
868
572
1820
965
672
556
790
506
1479
876
574
734
539
502
735
561
512
596
573
619
830
654
605
1056
579
562
512
786
735
559
1099
501
581
5459
806
611
1271
601
981
574
751
657
3720
601
995
602
1228
1031
1514
965
553
1135
876
568
519
984
1017
3906
827
840
642
726
1559
1362
819
628
562
518
680
886
694
713
596
660
534
650
656
930
504
745
584
1117
501
729
781
1015
681
1194
528
517
621
591
784
802
551
1395
1061
611
672
5253
1050
2111
1978
946
536
528
710
611
1004
1129
606
635
1182
2161
737
2986
528
709
639
539
1288
2534
3062
684
825
567
921
788
505
812
565
819
2270
635
510
544
623
712
619
506
635
549
2687
727
1542
1736
1317
1017
547
559
659
608
512
548
830
655
5244
1688
1007
512
919
969
587
540
540
522
667
2337
1611
507
1266
515
718
725
537
1741
809
623
722
738
511
584
839
505
560
533
515
621
506
955
678
701
523
726
570
821
882
706
1234
501
517
544
703
853
554
704
1161
555
1131
906
572
644
2047
1537
1201
560
1995
803
1251
520
1420
1006
680
564
808
789
864
548
1282
612
606
531
507
509
1167
1230
1151
1790
1855
787
864
609
622
629
517
1136
569
1657
507
727
637
676
503
929
544
618
611
952
867
1341
905
1119
643
5249
1163
2087
1146
2529
3625
944
1324
567
939
529
1524
538
1175
645
824
935
510
533
570
577
756
2380
1863
1167
6841
626
504
560
527
862
540
692
508
569
852
815
3088
2675
1381
635
1048
524
525
529
554
565
1069
549
801
670
592
676
562
849
7080
638
969
14356
586
700
1490
560
1672
935
1465
3595
1030
4937
572
1151
739
2102
1292
811
772
675
595
942
553
1019
650
509
948
584
522
877
501
822
873
666
605
693
1651
2411
773
1021
1110
2025
1433
622
1057
506
864
604
860
877
1284
869
639
589
987
999
1482
559
550
655
2213
650
650
526
608
590
510
606
528
1943
634
626
708
533
1191
655
725
549
2084
1555
3183
852
522
1179
2433
1352
1234
652
981
538
3322
773
610
989
518
549
625
1264
1164
882
3950
671
1415
619
640
806
629
777
2219
805
525
2283
545
5811
743
1128
653
554
2776
1013
1327
1416
2057
537
551
907
578
726
509
938
2288
734
3514
1791
982
508
546
631
1604
675
892
528
844
523
750
635
508
854
1399
864
534
1194
727
3877
542
504
925
567
1132
2273
5548
3268
867
1557
612
548
709
706
606
1220
1507
620
1128
1696
1742
866
1377
665
520
852
1704
684
1270
584
872
1093
3908
5220
1895
762
982
550
540
723
958
553
777
1554
1273
654
516
739
1674
2459
1731
1002
552
541
2024
1061
695
614
561
1444
1406
649
632
819
517
593
737
701
1075
1201
965
1230
1492
686
2409
8322
683
571
612
826
581
573
807
763
533
913
2861
544
2331
535
679
618
825
682
676
661
939
877
722
541
547
534
3357
999
1012
921
1204
1137
594
692
4198
532
711
666
681
792
559
1624
513
1311
584
521
984
537
765
628
771
621
528
712
754
630
536
559
817
502
687
934
1056
852
1678
720
652
526
509
1279
1857
524
665
508
1178
741
741
520
520
1230
761
835
1230
761
835
632
632
1120
1217
1120
1217
525
525
527
662
662
661
661
761
789
637
637
527
527
1082
1082
1117
635
1117
1198
1123
1018
725
687
861
697
546
1198
635
1123
1018
725
687
861
697
546
1353
688
1052
1353
688
1052
527
527
641
582
644
573
594
697
697
955
582
644
573
594
697
697
955
641
2969
1528
1711
1051
1719
1150
2681
1528
1711
1051
1719
1150
2969
2681
544
544
500
661
822
822
525
525
557
557
1370
985
985
527
1459
1220
874
1545
1459
527
1220
874
1545
659
863
825
647
1980
990
863
825
647
659
1980
990
528
528
618
1719
946
577
897
897
1004
1004
687
687
576
534
672
576
534
672
1040
1040
700
700
566
566
566
566
608
608
563
1129
2116
2846
534
1567
994
1129
2116
2846
534
1567
563
994
644
551
644
551
1830
532
943
1328
1484
892
532
943
1328
1830
1484
892
674
674
1337
665
1337
665
1006
1006
648
648
683
871
1578
665
1012
716
1032
1043
683
871
1578
665
1012
716
1032
1043
548
548
533
533
835
835
643
643
719
506
752
584
1169
717
552
687
1169
584
717
552
687
512
512
593
593
505
807
1561
505
807
1561
553
553
563
563
871
567
731
871
567
731
632
577
632
577
528
528
529
529
572
572
510
578
510
578
1391
1059
1391
1059
1074
689
1074
689
795
795
510
510
513
905
503
719
504
681
905
503
719
513
504
681
576
576
528
1215
527
638
854
611
5434
526
667
528
1004
1004
1224
1850
1332
908
705
798
610
1215
527
638
1224
854
611
5434
526
667
1850
1332
908
705
798
610
2617
3264
2122
3163
4175
3264
2617
2122
3163
4175
1240
1240
510
513
526
631
510
513
526
631
544
544
1202
579
946
836
1023
1085
1820
1018
1524
862
628
998
512
1202
998
2122
3635
4226
694
3780
745
1194
2122
579
946
836
1023
1085
1820
1018
1524
862
628
3635
512
4226
694
3780
745
1194
1569
1569
552
566
552
566
503
607
503
607
602
986
559
763
659
986
602
559
763
659
781
781
631
631
3401
523
534
613
589
650
1444
523
534
613
589
650
3401
1444
624
936
624
936
779
948
779
948
1094
1094
826
587
826
587
529
529
565
1384
2021
3249
2301
2436
9221
652
1384
2021
3249
2301
2436
9221
652
565
632
632
806
806
684
684
629
629
2318
1321
675
2318
644
2477
664
1251
867
1246
1603
644
1036
1321
675
2477
664
1251
867
1246
1603
1036
616
616
999
999
535
535
822
822
610
798
610
798
774
721
540
558
774
721
540
558
827
639
644
677
827
639
644
677
807
807
662
553
662
553
575
575
643
643
700
1758
1325
700
1758
1325
560
560
764
764
1300
1300
679
679
709
709
1054
1569
1035
1034
1614
868
1902
1585
1054
1569
1035
1034
1614
868
1902
1585
575
610
580
508
500
1420
610
580
508
575
500
1420
765
765
650
520
757
650
520
757
642
642
869
655
869
655
598
520
520
602
1014
904
766
1322
602
1695
998
771
1127
664
1695
547
691
663
1014
904
766
1322
998
771
1127
664
547
691
663
543
543
525
692
525
692
811
811
837
1872
541
576
3449
1872
837
541
576
3449
1385
517
8665
947
1385
517
8665
947
560
560
591
578
591
578
621
1592
1223
1592
1223
641
641
603
603
595
4509
664
765
1186
736
1503
990
4509
664
765
1186
736
1503
990
595
703
1373
1373
635
2284
990
546
615
654
2284
990
546
635
615
654
656
656
520
520
632
632
643
684
879
879
772
687
772
687
527
527
504
1816
625
504
1816
625
675
675
510
510
981
981
615
615
776
565
776
565
606
606
794
825
833
794
825
833
756
756
699
699
592
524
592
524
1052
1052
504
504
500
500
836
2403
597
927
520
802
715
820
1083
835
550
882
615
880
704
836
882
813
1211
535
2814
708
813
2393
581
2403
597
927
520
802
715
820
1083
1211
835
550
615
880
704
535
2814
708
2393
581
1602
1602
513
513
583
583
563
563
719
719
2072
1095
604
658
2922
1095
2072
604
658
2922
3948
2812
3948
2812
2339
757
2339
757
2143
2143
751
751
2745
2745
615
2278
815
615
2278
815
1444
776
868
833
512
776
1444
868
833
512
672
544
672
544
5511
3083
2740
5511
3083
2740
790
1064
670
616
5816
2298
924
526
5816
2298
924
526
745
568
745
568
1095
1095
559
597
597
1034
511
1034
511
602
1369
1369
696
751
580
1067
790
898
562
1331
751
580
1067
790
898
562
1331
696
826
826
867
979
867
979
1005
1005
526
742
526
588
851
605
851
605
913
913
528
528
563
510
699
699
576
576
791
791
1095
1095
599
847
1253
599
847
1253
632
632
696
696
685
685
775
714
1102
661
775
714
1102
661
1064
1064
767
767
853
853
5389
3038
676
1873
916
698
1252
1203
2247
638
1924
522
5389
522
1412
582
1728
1744
2248
2461
635
3038
1412
676
1873
916
698
1252
1203
2247
638
1924
582
1728
1744
2248
2461
635
3230
596
900
1326
3412
596
3230
900
1326
3412
644
644
710
710
568
774
568
774
709
1545
570
837
1415
1133
985
1545
570
837
1415
1133
709
985
564
564
551
551
3384
3384
842
842
518
1036
514
648
807
912
501
709
518
1036
514
648
807
912
501
709
779
974
779
974
888
888
875
875
1213
3450
1213
3450
641
641
771
664
1019
8299
722
664
771
1019
8299
722
717
717
677
677
625
625
563
563
692
692
763
732
763
732
525
662
1830
525
662
1830
663
663
654
654
995
730
730
504
504
696
515
515
619
921
754
1487
1467
531
679
704
679
704
572
2619
637
871
540
878
1061
542
2619
637
871
540
878
1061
542
572
749
762
749
762
689
689
829
829
591
503
591
503
1480
3063
1480
3063
3121
645
2190
2281
3121
645
2190
2281
705
705
1266
1266
719
719
515
708
515
708
1389
1389
622
655
871
983
655
871
983
563
568
1302
1676
563
568
1302
1676
907
907
549
808
900
1014
797
808
900
1014
797
743
743
681
681
536
536
999
999
716
569
716
569
962
587
534
962
587
534
507
507
796
5158
524
678
796
5158
524
678
580
989
580
989
667
642
642
541
618
812
1608
1088
673
761
617
2275
569
569
954
954
916
916
574
2384
1034
574
2384
1034
523
523
751
751
5068
1796
5068
1796
599
828
845
5393
2161
828
599
845
5393
2161
893
893
735
735
513
507
513
507
1123
597
1123
597
568
672
689
825
1198
1702
544
858
672
689
825
1198
1702
544
858
568
531
531
664
502
664
502
820
686
1456
1456
1177
1177
517
942
527
510
517
942
527
510
900
900
1050
1050
576
576
715
652
715
652
1010
1010
985
1159
2412
9850
1607
1528
735
1185
985
1159
2412
9850
1607
1528
735
1185
1935
1935
506
506
1297
1947
1297
1947
920
512
920
512
650
578
650
578
550
1083
867
1187
867
1083
550
867
1187
867
510
510
688
688
1462
2892
553
640
1462
2892
553
640
1861
1653
1466
673
1319
1653
1861
1466
673
1319
1007
1007
827
506
827
506
566
710
710
683
683
511
511
620
510
620
510
825
825
810
810
514
514
617
617
958
751
623
958
751
623
619
1093
1102
1261
2395
862
572
930
1848
972
849
838
838
1142
1142
646
821
822
1118
589
3159
878
557
646
821
822
1118
589
3159
878
557
895
947
947
899
503
899
503
649
1500
1432
1448
649
1500
1432
1448
639
639
1396
632
687
714
650
566
596
632
687
714
650
566
1396
596
572
572
887
951
887
951
585
1351
863
863
586
586
536
536
753
753
770
517
770
517
1021
769
1021
769
531
531
696
696
749
627
749
627
655
544
655
544
504
721
996
1318
504
721
996
1318
1233
1233
1164
1164
923
923
791
791
506
627
506
627
573
573
1331
1331
561
522
522
953
953
617
848
611
617
848
611
1313
788
2107
5589
1313
788
2107
5589
626
626
545
1039
710
545
1039
710
1131
702
531
1131
702
531
1199
1199
528
528
570
570
551
551
4662
7251
520
965
1124
4288
2213
2410
3113
918
7905
646
2123
2131
2679
1774
7597
1321
640
4662
646
2048
2048
5760
3361
4212
874
733
2964
7251
520
965
1124
5760
4288
2213
2410
3113
918
7905
2123
2131
2679
1774
3361
7597
1321
640
4212
874
733
2964
889
889
1120
702
1027
546
797
702
1120
1027
546
797
1521
1521
996
996
548
548
841
841
526
526
949
3115
673
2066
949
3115
673
2066
958
1638
1788
958
1638
1788
1631
1631
564
564
557
557
2146
2146
673
673
647
647
565
607
565
607
1195
544
513
1195
544
513
535
535
698
698
1056
769
769
508
913
2220
517
865
692
1223
913
2220
517
865
692
508
1223
867
2634
707
867
2634
707
750
750
616
614
616
614
1130
720
1130
720
1355
1355
4053
1573
4053
1573
965
1430
511
1648
920
1430
965
511
1648
920
503
503
916
1539
916
1539
562
562
535
681
535
681
644
644
914
914
542
634
542
634
590
590
574
574
895
625
625
508
508
1522
661
726
1522
661
726
520
520
600
600
1244
1244
1001
610
575
1001
610
575
726
583
726
583
963
1005
4278
3263
2514
654
1005
4278
3263
963
2514
654
500
500
644
644
769
607
582
888
607
582
888
567
640
591
648
693
516
516
619
510
619
510
523
523
548
548
3015
1269
554
722
990
1247
1576
1269
554
722
990
1247
3015
1576
554
554
837
533
533
527
527
1263
1263
612
612
574
574
847
659
847
659
975
975
1399
1212
695
1065
1354
1212
1399
695
1065
1354
593
593
1106
1106
795
508
508
533
533
1236
1236
548
548
870
798
870
798
682
682
554
554
533
533
795
795
662
662
609
1388
719
1292
554
1008
1388
719
1292
609
554
1008
689
689
2038
2038
1033
1314
1033
1314
822
822
510
510
503
503
672
689
502
1004
562
537
672
822
1072
5577
11722
822
2637
4470
4961
609
689
502
1004
562
537
1072
5577
11722
2637
4470
4961
609
851
851
546
3678
946
538
546
1165
1995
833
844
1680
715
1165
1198
3263
3678
946
538
1995
833
844
1680
715
1198
3263
539
539
775
775
1210
1398
820
4077
805
1801
651
990
1210
1398
820
4077
805
1801
651
990
626
1711
617
626
1711
617
543
543
866
866
528
528
564
564
847
847
538
538
945
695
945
695
829
1443
633
829
1443
633
803
1028
1510
523
803
1028
1510
523
734
734
691
691
976
805
770
1111
649
805
976
770
1111
649
648
648
521
521
547
1622
1736
609
547
1622
1736
609
1293
1123
972
1123
972
1152
1152
690
1062
690
1062
1210
1210
1579
2445
3396
5313
641
2445
1579
3396
5313
641
768
768
564
564
665
717
557
1286
748
717
557
1286
748
836
836
1227
2574
903
829
3073
2574
1227
903
829
3073
581
581
745
745
712
3556
3549
712
3556
3549
548
548
651
651
2288
914
2288
914
636
636
602
602
697
697
822
1217
628
822
1217
628
585
676
585
676
525
598
525
598
764
528
764
528
515
515
3220
2218
3220
2218
3304
2584
1026
1759
879
656
2322
2584
1026
1759
879
656
3304
2322
573
573
794
794
754
754
1203
648
648
1210
936
738
1958
1268
1833
502
726
1210
688
632
688
1122
1401
714
1129
1754
788
936
738
1958
1268
632
1833
502
726
1122
1401
714
1129
1754
788
963
1133
788
1505
1360
1106
516
690
516
690
609
609
1410
1410
573
528
573
528
884
884
523
523
539
539
979
913
2366
861
884
913
979
2366
861
884
628
751
1162
710
895
763
580
536
2209
562
631
529
782
720
913
1599
612
1082
1604
700
632
900
1407
548
906
607
1329
1630
828
2415
599
567
1096
504
539
1069
626
552
615
533
781
587
560
836
552
509
1226
1004
911
1326
550
702
786
540
598
754
1023
796
767
728
800
538
719
712
1061
969
510
656
665
1237
529
518
500
509
771
4149
999
5450
630
729
923
4308
593
708
848
627
505
1297
620
1319
3214
566
1013
677
1010
658
580
1286
673
574
712
675
1690
3105
695
660
545
1056
1032
1083
592
638
519
504
676
2008
764
586
623
3861
930
503
2312
1025
1505
752
945
1601
3098
569
581
1095
3296
10949
2710
2977
717
1574
2285
838
1401
557
609
645
921
524
568
1489
3463
890
935
557
503
1337
2085
1038
693
579
577
815
785
631
614
1262
574
1052
736
607
1183
1441
611
590
1076
1051
855
951
1465
5082
1151
838
1367
927
3377
944
845
505
1215
1170
628
1288
2326
632
2350
589
852
604
1663
853
1426
8098
896
849
544
642
1296
684
503
2966
1447
649
690
880
653
845
1243
6155
516
590
1502
5893
1021
2730
590
1131
778
987
1097
808
1430
3195
1023
813
606
912
4310
897
631
4184
627
738
2278
2113
783
1217
810
667
666
747
878
761
849
509
587
2573
865
503
1755
589
1635
595
508
581
763
801
872
896
1302
1174
2043
1569
558
522
533
5286
7567
1077
576
610
691
762
577
653
1111
9467
2497
528
650
6570
1145
1336
1108
703
6221
2869
757
792
809
572
565
740
512
557
516
1047
534
557
522
957
798
774
1058
978
595
683
819
1071
1564
994
1698
1276
893
632
593
573
651
4210
592
847
2835
1211
770
3271
856
3577
3363
1027
508
528
965
632
1169
2161
936
1155
527
672
4708
677
548
1264
858
1712
506
1146
2435
533
1109
692
847
703
533
506
669
627
719
694
953
717
1045
530
748
500
945
619
571
624
619
1001
702
710
576
506
675
1774
800
2713
3323
553
517
1899
534
1265
532
1092
536
1621
1249
502
1758
520
1131
1490
1019
664
517
1757
669
3086
610
1015
649
901
599
575
866
727
1485
1268
789
500
7411
6189
825
553
504
1431
559
557
596
590
819
652
1225
535
1482
643
728
1614
595
501
613
577
731
591
1339
726
594
681
728
1172
1041
513
839
760
2120
1609
661
737
746
643
933
1500
564
550
1856
500
553
591
1211
510
1630
514
2439
533
509
839
3990
4194
596
539
761
523
574
883
1013
837
1539
563
1972
908
557
595
591
522
754
1624
884
536
721
624
894
997
3997
545
1401
1240
1078
618
918
592
623
589
1898
1536
559
2690
1981
6776
5016
6330
969
1049
5163
1342
2887
998
1109
879
1204
532
585
1805
1336
757
688
921
955
3551
1007
562
618
628
1151
649
1025
529
731
594
651
704
521
5233
1618
879
580
579
792
817
512
574
1228
1459
540
713
561
963
2175
503
936
523
844
632
648
500
507
1338
913
711
1230
2181
1527
777
964
1795
1145
560
534
568
592
1657
790
4678
756
574
550
545
1920
1848
606
752
782
523
785
610
1051
1090
1173
744
981
616
614
2724
1034
864
1198
5170
2293
668
700
1363
1729
3889
998
640
529
575
564
548
709
633
1078
871
513
860
615
613
1074
760
1206
561
1149
3273
611
3446
922
663
780
1355
697
709
710
1080
1166
500
628
690
892
650
2302
655
597
691
850
565
999
973
518
599
747
587
700
508
1065
654
898
1900
3035
830
746
754
1716
1213
787
790
725
714
1055
853
1378
8349
3144
610
967
589
857
535
1983
625
734
876
1728
815
594
505
569
1134
541
688
627
567
521
642
572
557
692
865
566
559
531
548
621
606
743
2006
1210
1993
2998
1279
501
629
598
1747
808
720
630
775
529
519
1198
847
622
1609
694
792
624
651
919
1660
598
516
707
511
515
517
1065
1072
1541
2238
785
598
951
1500
3341
615
1302
588
560
1052
543
1618
723
729
911
775
535
4284
534
657
644
1102
790
1568
609
809
1031
1173
609
1122
733
547
869
896
703
990
780
567
649
778
1297
629
521
1564
1240
1603
2398
945
1362
535
2584
1611
678
911
855
671
1153
579
929
1872
638
1205
799
570
682
824
813
721
533
846
1199
1374
704
541
885
500
521
634
792
679
705
510
1208
554
501
673
655
742
1349
668
766
796
707
1205
1627
1054
669
630
749
809
658
542
1192
711
659
1128
568
603
528
760
574
598
738
938
1637
640
737
593
719
618
1139
2157
1564
512
531
1200
1849
594
1377
596
753
529
509
509
968
546
577
2003
1297
1102
568
1017
988
916
1814
506
650
1265
3089
4124
935
546
606
548
2488
596
605
793
