0.00
0.01
0.25
0.79
0.76
0.15
0.00
0.00
0.54
0.10
0.09
0.53
0.13
0.04
0.00
0.90
0.00
1.00
0.00
0.00
0.00
0.00
0.02
0.53
0.13
0.79
0.05
0.00
0.64
0.09
0.46
0.10
0.49
0.20
0.67
0.04
0.69
0.12
0.23
0.90
0.61
0.72
0.33
0.34
0.00
0.31
0.00
0.10
0.67
0.00
0.57
0.02
0.12
0.85
0.04
0.25
0.58
0.00
0.23
0.11
0.00
0.76
0.23
0.23
0.00
0.32
0.11
0.03
1.00
0.56
0.03
0.68
0.30
0.07
0.68
0.22
0.00
0.06
0.69
0.15
1.00
0.00
0.00
0.44
0.00
0.02
0.17
0.55
0.04
0.47
1.00
0.88
0.00
0.10
0.58
0.05
0.04
0.43
0.82
0.00
0.65
1.00
0.87
0.00
0.01
0.63
0.65
1.00
0.85
0.01
0.73
0.73
0.34
0.79
0.54
0.51
0.00
0.07
0.55
0.43
0.85
0.29
0.48
0.88
0.03
0.62
0.82
0.21
0.33
0.12
0.64
0.00
0.05
0.00
0.90
0.00
0.72
0.53
0.79
0.30
0.59
0.01
0.10
0.08
0.79
0.83
0.08
1.00
1.00
0.00
0.39
1.00
0.44
0.04
0.00
0.37
0.54
0.07
0.11
0.41
0.09
0.59
0.08
0.56
0.00
0.45
1.00
0.74
0.02
1.00
0.44
0.65
0.08
0.57
0.07
1.00
0.46
0.17
0.34
0.00
0.12
0.85
0.18
1.00
0.08
1.00
0.00
0.29
0.29
0.64
0.49
0.14
0.00
0.99
0.75
0.65
1.00
0.16
0.42
0.03
0.36
0.76
0.00
0.02
0.00
0.06
0.15
0.86
0.00
1.00
0.14
0.09
0.00
0.00
0.00
0.18
0.03
0.74
0.79
0.34
0.83
0.00
0.25
0.32
0.54
0.74
0.21
0.71
0.57
0.64
0.60
0.11
0.15
0.78
0.67
0.00
0.18
0.30
0.10
0.67
0.23
0.61
0.84
0.72
0.63
0.10
0.24
0.54
0.09
0.77
1.00
0.14
0.63
0.00
0.03
0.75
0.71
0.34
0.47
0.15
0.69
0.05
0.00
0.08
0.00
0.21
0.95
0.33
0.01
0.13
0.00
0.46
0.17
0.39
0.40
0.05
0.11
0.06
0.26
0.00
0.28
0.66
0.71
1.00
0.36
1.00
0.00
0.69
0.14
0.00
0.40
0.62
0.63
0.56
0.30
0.21
0.00
0.61
0.45
1.00
0.70
1.00
0.77
0.77
0.70
0.18
1.00
0.01
0.86
0.49
0.00
0.01
0.08
0.00
0.41
0.04
0.86
0.25
0.71
0.01
0.76
0.63
0.22
0.07
0.37
0.00
0.52
0.53
0.84
0.72
0.58
0.50
0.57
0.00
0.00
0.00
0.60
0.84
1.00
1.00
0.60
0.66
0.03
0.62
0.00
0.66
0.50
0.37
0.02
0.52
0.00
0.18
1.00
0.44
0.10
0.28
0.74
0.38
0.11
0.55
0.47
0.11
0.00
0.02
0.00
0.03
0.74
0.00
0.33
1.00
0.62
0.64
0.09
0.28
0.06
0.30
1.00
0.00
0.00
0.87
0.02
0.02
0.51
0.22
0.00
0.00
0.79
0.00
0.02
0.34
0.51
0.12
0.12
0.54
0.04
0.76
0.00
0.38
0.11
0.00
0.30
0.03
0.03
0.50
0.13
0.16
0.89
0.01
0.46
0.93
0.85
0.01
1.00
0.00
0.00
0.00
0.61
1.00
1.00
0.01
0.00
0.45
0.01
0.05
0.19
0.53
0.28
0.00
0.21
0.14
0.79
0.04
1.00
0.35
0.12
0.13
0.07
0.00
0.00
0.86
0.00
0.02
0.23
0.70
0.00
0.01
1.00
0.77
0.09
0.00
0.17
0.45
0.01
0.19
0.27
0.76
0.00
0.81
0.60
0.02
0.41
0.50
0.00
0.00
0.47
0.04
0.02
0.07
0.60
0.75
0.12
0.05
0.00
1.00
0.02
0.79
0.01
0.00
0.86
0.00
1.00
0.18
0.62
0.01
0.41
0.67
0.03
0.57
0.16
0.68
0.94
0.06
0.02
0.00
1.00
0.06
0.00
0.41
0.07
0.85
0.60
0.30
0.56
0.62
0.06
0.00
0.06
1.00
0.75
0.45
0.59
0.00
0.60
0.00
0.58
0.00
1.00
0.24
0.10
0.28
0.53
0.26
0.70
0.58
0.00
0.00
0.13
0.00
0.78
0.20
0.13
0.01
0.00
0.34
0.30
0.61
0.00
0.77
0.87
0.56
1.00
0.65
0.02
0.46
0.50
0.04
0.64
0.05
0.00
0.75
0.00
0.20
0.06
0.06
0.61
0.86
0.23
0.00
0.00
0.59
0.30
1.00
0.36
0.20
0.55
0.69
0.63
0.73
0.63
0.84
0.40
0.48
0.00
0.51
0.21
0.12
0.74
1.00
1.00
0.26
0.25
0.87
0.07
0.00
0.00
0.49
0.00
0.08
0.00
0.45
0.04
0.00
0.04
0.32
1.00
0.36
0.21
0.00
0.40
0.11
0.05
0.19
0.18
0.09
0.70
0.10
0.63
0.01
0.90
1.00
0.43
0.37
0.93
0.23
0.57
0.97
0.27
0.13
1.00
0.06
0.08
0.01
1.00
0.00
0.00
0.42
0.13
0.29
1.00
0.53
0.17
0.23
1.00
0.00
0.94
0.60
1.00
0.00
0.66
0.83
0.65
0.87
0.00
0.00
0.53
0.45
0.00
0.51
0.68
0.02
0.01
0.00
0.00
0.00
0.97
0.56
0.06
0.04
1.00
1.00
0.74
0.00
0.80
0.01
0.83
0.62
1.00
0.81
0.58
0.28
0.99
0.18
1.00
0.69
0.96
0.67
0.32
0.14
1.00
1.00
0.07
0.00
0.30
0.00
0.31
0.07
0.00
0.14
0.40
0.01
0.77
0.47
1.00
0.00
0.35
0.03
0.01
0.74
0.82
0.00
1.00
0.06
0.81
0.00
1.00
0.33
0.82
0.34
0.09
0.29
0.68
0.04
0.41
0.34
0.78
0.00
0.19
0.70
1.00
0.10
0.82
0.30
0.00
0.03
0.00
0.43
0.33
0.77
0.00
0.43
0.23
0.94
0.03
0.03
0.70
0.01
0.35
0.74
0.42
0.00
0.00
0.00
0.71
0.31
0.56
0.01
0.11
0.14
1.00
0.16
0.81
0.66
1.00
0.00
0.01
0.38
0.00
0.10
0.12
0.12
0.16
0.84
0.04
0.79
0.35
0.74
0.00
0.67
0.00
0.21
0.00
0.15
0.15
0.00
0.06
0.03
0.08
0.54
0.10
0.00
0.00
0.20
1.00
0.00
0.30
0.10
0.10
0.88
0.95
0.17
0.01
0.75
0.00
0.18
0.46
0.78
0.67
0.17
0.26
0.04
1.00
0.00
0.09
0.64
0.99
0.60
0.00
0.09
0.71
0.24
0.42
0.55
0.00
0.32
0.10
0.02
0.63
0.00
1.00
0.30
0.39
0.57
0.00
1.00
0.05
0.66
1.00
0.97
0.03
0.39
0.13
0.45
0.76
0.00
0.12
1.00
0.04
0.32
0.35
0.03
0.73
0.75
0.01
0.07
1.00
0.00
0.03
0.00
0.56
0.01
0.19
0.00
0.06
0.53
0.59
0.79
1.00
0.50
0.04
0.89
0.69
0.00
0.01
0.13
0.17
0.00
0.48
0.00
1.00
0.67
0.22
0.00
0.36
0.53
0.14
0.10
0.28
0.16
1.00
0.40
0.00
0.51
0.00
0.01
0.30
0.39
0.00
1.00
0.24
0.42
0.08
0.15
0.37
0.59
0.69
0.53
0.47
0.34
0.00
0.00
0.06
0.53
0.01
0.00
0.00
0.11
0.13
0.14
0.00
0.15
0.00
0.06
0.09
1.00
0.14
0.15
0.71
0.23
0.51
0.00
0.01
0.00
0.37
0.00
0.05
0.00
0.00
0.03
0.62
0.80
0.90
0.11
0.32
0.00
0.01
0.00
0.04
0.48
0.10
0.70
0.00
0.08
0.43
0.07
0.28
0.28
0.87
0.63
0.19
0.05
0.39
0.00
0.30
0.47
0.09
0.72
0.01
0.43
0.00
0.80
0.13
0.73
0.14
0.01
0.03
0.25
0.24
0.00
0.21
0.02
0.32
0.68
0.00
0.38
0.78
0.00
0.75
0.58
0.17
0.17
0.83
0.00
0.39
0.59
0.64
0.05
0.10
0.07
0.04
0.02
0.00
0.00
1.00
0.63
0.03
0.58
0.01
0.00
0.07
0.43
0.74
0.50
0.12
0.00
0.01
0.22
0.87
0.82
0.93
0.23
0.57
0.60
0.05
0.15
0.01
0.43
0.30
0.47
0.42
0.29
0.00
0.52
0.34
1.00
0.04
0.25
0.00
0.25
0.26
0.70
0.02
0.67
0.65
1.00
0.32
0.02
1.00
0.08
0.34
0.71
0.20
0.60
0.76
0.84
0.44
1.00
0.09
0.59
0.52
0.09
0.32
0.69
0.73
0.10
0.02
1.00
0.00
0.00
0.01
0.00
0.22
0.01
0.86
1.00
0.01
0.00
0.43
1.00
0.10
0.58
0.57
0.19
0.80
0.53
0.00
0.00
0.46
0.20
0.08
0.17
0.78
0.14
0.00
0.56
0.33
0.02
0.77
0.88
0.08
0.13
0.86
0.82
0.33
0.79
0.12
0.72
0.00
0.89
0.38
0.00
0.91
0.39
0.40
0.81
0.00
0.65
0.08
0.34
1.00
0.03
0.18
0.57
0.79
0.02
0.53
0.05
0.43
0.40
0.13
0.37
0.02
0.09
0.43
0.15
1.00
0.00
0.83
0.08
1.00
0.05
0.44
0.18
0.00
0.37
0.74
0.60
0.07
0.07
0.00
0.05
0.00
0.00
0.03
0.06
1.00
0.01
0.04
0.00
0.11
0.11
0.07
0.82
0.55
0.66
0.02
0.00
0.00
0.60
0.13
0.83
0.32
0.86
1.00
1.00
1.00
0.80
1.00
0.00
0.17
0.00
0.02
0.43
0.01
0.93
0.43
0.75
0.05
0.00
0.07
1.00
0.02
0.01
0.00
0.06
0.82
0.11
0.31
0.00
0.00
0.45
0.62
0.95
0.78
0.26
0.06
0.42
0.00
0.67
1.00
0.10
0.59
1.00
0.01
0.63
0.00
0.52
0.45
1.00
0.11
0.68
0.42
0.01
0.14
0.66
0.29
0.28
0.55
0.23
0.00
0.04
0.23
0.77
0.00
0.05
0.06
0.02
0.01
0.47
0.01
0.16
0.01
1.00
0.47
0.03
0.11
0.58
0.00
0.07
0.15
0.74
0.00
0.61
0.00
1.00
0.47
0.91
0.58
0.02
0.65
0.00
0.06
0.00
0.11
0.00
0.11
1.00
0.00
0.26
0.00
0.00
0.24
0.99
0.84
0.29
0.60
0.03
0.70
0.72
0.12
0.69
0.00
0.52
0.67
0.01
1.00
0.00
0.01
0.13
1.00
0.00
0.01
0.55
0.61
0.00
0.01
0.14
0.53
0.00
0.00
0.74
0.71
0.01
0.41
0.02
0.01
0.00
0.00
0.92
0.04
0.01
0.24
0.36
0.39
0.16
0.33
0.20
0.23
0.56
0.21
1.00
0.00
0.00
0.75
0.59
0.00
0.12
0.58
0.66
0.61
0.41
0.00
0.03
0.32
0.00
0.00
0.02
0.87
1.00
0.51
0.74
0.21
0.60
1.00
0.15
1.00
0.32
0.02
0.00
0.06
0.00
1.00
0.16
0.82
0.06
0.09
0.99
0.13
0.43
0.68
0.10
0.08
0.27
0.98
0.12
0.77
0.83
0.57
0.00
0.12
0.56
0.98
0.11
1.00
0.01
0.84
0.03
0.00
0.03
0.01
0.28
0.15
0.37
0.79
0.04
0.69
0.02
0.00
0.01
0.63
0.53
0.65
0.62
0.01
0.12
0.84
0.27
0.17
0.00
0.03
0.73
0.11
0.00
0.00
0.03
0.11
0.72
0.64
0.22
0.04
0.00
0.40
0.75
0.00
1.00
0.09
0.00
0.33
0.01
0.79
0.47
0.68
0.93
0.53
0.63
0.49
0.08
0.95
0.72
0.12
0.29
0.75
0.60
0.39
0.64
0.00
0.13
0.00
0.25
0.63
0.01
0.00
0.17
0.33
1.00
0.72
0.90
0.20
1.00
0.16
0.00
0.18
0.00
0.20
0.68
0.39
0.00
0.47
0.00
0.12
0.67
0.46
0.32
0.32
0.00
0.32
0.86
0.23
0.41
0.85
0.53
0.00
0.36
0.09
0.00
0.00
0.74
1.00
0.16
1.00
0.00
0.00
0.54
0.22
0.00
0.12
0.00
0.09
0.00
0.10
0.00
0.01
0.00
0.91
0.19
1.00
0.00
0.28
0.17
0.46
0.60
0.09
0.00
0.79
0.41
0.02
0.13
0.00
0.00
0.05
0.68
0.00
0.01
0.67
0.04
0.46
0.08
0.16
0.02
0.09
1.00
0.82
0.15
0.00
1.00
1.00
0.38
0.00
0.00
0.81
0.10
0.38
0.00
0.00
0.09
0.00
0.01
0.04
0.00
0.12
0.00
0.63
0.23
0.98
0.59
1.00
0.67
0.05
0.55
0.76
0.10
0.41
0.64
0.03
0.07
0.16
0.71
0.12
0.00
0.10
0.57
0.00
0.58
0.16
0.19
0.89
0.09
0.51
1.00
0.22
1.00
0.26
0.13
0.15
0.00
0.76
0.02
0.01
0.47
0.08
1.00
0.07
0.00
0.50
0.00
0.40
0.11
0.21
0.28
0.08
0.81
0.74
0.31
0.62
0.81
0.06
0.34
0.45
0.08
0.01
0.34
0.47
0.00
0.08
1.00
0.30
0.03
0.04
1.00
0.69
0.77
0.21
0.10
0.01
0.02
0.01
0.00
0.10
0.14
0.30
0.01
0.00
0.51
0.33
0.61
0.11
0.00
0.00
0.01
0.29
0.53
0.00
0.11
0.47
1.00
0.71
0.35
0.37
0.81
0.59
0.00
1.00
1.00
0.00
0.07
0.50
0.17
0.20
0.02
0.02
0.27
0.26
0.33
0.04
0.66
0.19
0.00
0.89
0.77
0.00
0.38
0.50
0.72
1.00
0.18
0.12
0.08
0.18
0.00
0.15
0.73
0.20
0.01
1.00
0.00
0.13
0.19
0.54
0.26
0.13
0.55
0.44
0.74
0.21
0.00
0.32
0.14
0.88
0.49
0.79
0.00
0.63
0.03
0.08
0.09
0.02
0.17
0.74
0.08
0.62
0.94
0.33
0.09
0.67
0.00
0.69
0.00
0.33
0.09
0.01
0.27
0.02
0.00
0.80
0.12
0.51
0.11
0.00
0.55
0.73
0.19
0.02
0.07
0.00
0.17
0.52
0.26
0.70
0.00
0.02
0.00
0.03
0.03
0.41
0.48
0.01
0.00
0.00
0.16
0.85
0.02
0.69
1.00
1.00
0.00
0.17
0.03
0.48
0.08
0.14
0.36
0.95
0.25
0.59
0.74
0.28
0.03
0.10
0.69
0.48
0.30
0.69
0.78
0.75
0.18
0.95
0.71
0.76
0.00
0.36
0.39
0.67
0.37
0.23
0.55
0.10
0.00
0.78
0.48
0.12
0.58
1.00
1.00
0.03
1.00
0.76
1.00
0.96
0.33
0.20
0.61
0.70
0.32
0.06
0.69
0.01
0.02
0.04
1.00
1.00
0.27
0.00
0.23
0.74
0.24
0.00
0.68
0.45
0.00
1.00
0.12
0.19
0.00
0.72
0.01
0.83
1.00
0.02
0.00
0.09
0.00
0.17
0.03
0.03
0.02
0.77
0.02
0.00
0.51
0.00
0.07
0.69
0.09
0.14
1.00
0.09
0.58
0.67
0.33
0.61
0.70
0.54
0.00
0.60
0.47
0.79
1.00
0.00
0.01
0.77
0.11
0.07
1.00
1.00
0.64
0.02
0.77
0.00
0.47
0.15
0.11
0.90
0.48
0.09
0.58
1.00
0.00
0.00
0.00
0.25
0.15
0.72
0.59
0.00
0.89
0.81
0.25
0.00
0.04
0.00
0.00
0.64
0.82
0.10
0.10
0.13
0.05
0.00
0.02
0.09
0.32
0.84
0.00
0.00
0.15
0.00
0.15
0.15
0.16
0.02
0.44
0.11
0.61
0.00
0.00
0.00
0.09
0.00
0.14
0.00
0.00
1.00
0.69
0.51
0.11
0.08
0.61
0.00
0.45
0.00
0.05
0.45
0.04
0.00
0.38
0.07
0.51
0.17
0.00
0.05
0.88
0.17
0.69
0.01
0.69
0.01
1.00
0.04
0.08
0.00
0.00
1.00
0.82
1.00
0.51
0.15
0.20
0.00
0.18
0.39
0.04
0.24
0.01
0.19
0.05
0.44
0.00
0.21
1.00
0.23
0.00
0.63
0.34
0.00
0.27
0.04
0.61
1.00
1.00
0.12
0.51
0.65
0.04
0.39
0.17
0.16
0.92
0.47
1.00
0.08
0.67
0.00
0.49
0.23
0.99
0.33
0.10
0.06
1.00
0.46
0.69
0.08
0.75
0.87
0.05
0.71
0.63
1.00
0.06
0.66
0.97
0.47
0.01
0.66
0.42
0.00
0.02
1.00
0.00
0.22
0.70
0.00
0.61
0.01
0.06
0.74
0.01
0.06
0.47
0.26
0.11
0.68
0.07
1.00
0.16
0.00
0.12
1.00
0.88
0.00
0.11
0.85
0.49
0.53
0.68
0.00
0.01
0.84
0.70
0.05
0.23
0.84
0.21
0.02
0.36
1.00
0.00
0.55
0.47
0.65
0.36
0.61
0.00
0.00
0.49
0.57
0.58
0.55
0.26
0.32
0.24
0.08
0.97
0.51
0.01
0.82
0.38
0.44
0.02
0.00
0.41
0.22
0.00
0.00
0.00
0.72
1.00
0.00
0.00
0.00
0.73
0.00
1.00
0.00
0.48
0.00
0.56
0.56
0.18
0.69
0.30
0.00
0.02
0.38
0.00
0.10
0.00
0.09
0.00
0.93
0.00
0.74
0.14
0.00
0.56
0.57
0.00
0.47
0.25
0.08
0.08
0.00
0.12
0.05
0.92
0.00
0.01
0.12
0.67
1.00
0.02
1.00
0.00
0.78
0.20
0.77
0.00
0.45
0.48
0.18
0.00
0.01
0.00
0.01
1.00
0.24
0.25
0.42
0.04
0.54
0.00
0.56
0.13
0.03
0.01
0.38
0.14
1.00
0.27
0.04
1.00
1.00
0.00
0.57
0.71
0.70
0.20
0.09
0.60
0.10
0.85
0.50
0.13
0.00
0.00
0.00
0.74
0.23
0.00
0.03
0.46
0.14
0.01
1.00
0.61
0.10
1.00
0.63
0.00
0.51
1.00
0.01
0.09
0.73
0.36
0.53
0.04
1.00
0.47
0.72
0.50
0.16
0.42
0.45
0.78
0.05
0.67
0.00
0.86
0.00
0.00
0.00
0.00
1.00
0.06
0.16
0.52
0.30
0.66
0.45
0.44
0.03
0.27
0.05
0.85
0.00
0.00
0.82
0.00
0.94
0.01
0.08
1.00
0.91
0.44
0.02
0.05
0.51
0.58
0.79
0.00
0.72
0.74
0.61
0.17
0.00
0.00
0.00
0.94
0.00
1.00
0.31
0.00
0.37
0.00
0.73
0.49
0.10
0.54
0.00
0.15
1.00
0.16
0.01
0.00
0.30
0.30
0.17
0.58
0.78
0.00
1.00
0.56
0.14
0.48
0.00
0.66
0.01
0.00
0.12
0.59
0.18
0.20
0.89
0.44
0.90
0.13
0.17
0.22
0.60
0.18
0.32
0.00
0.00
0.46
0.19
0.09
0.07
0.28
0.85
0.00
0.13
0.43
1.00
0.07
0.63
1.00
0.77
0.00
0.39
0.54
0.18
0.38
0.09
0.35
0.16
0.92
0.56
0.82
0.00
0.16
0.65
0.00
0.82
1.00
0.42
0.13
0.00
0.91
0.06
0.72
0.12
0.44
0.07
0.82
0.00
0.00
0.12
0.07
0.83
0.20
0.23
0.60
0.00
0.33
0.79
0.41
0.05
0.68
0.61
0.07
0.00
0.44
0.30
0.13
0.55
0.17
0.24
0.13
0.03
0.86
0.00
0.00
0.22
0.69
0.21
0.09
0.79
0.21
0.21
0.85
0.80
0.01
0.10
0.00
0.36
0.48
0.00
0.00
0.00
0.84
0.65
0.35
0.85
1.00
1.00
0.77
0.05
0.23
0.76
1.00
0.03
0.00
0.52
0.69
0.00
0.04
1.00
0.07
0.29
0.81
0.44
0.09
0.20
0.81
0.84
0.07
0.81
0.43
0.00
0.11
0.14
0.23
0.62
0.00
0.91
0.49
0.77
0.13
0.00
0.01
0.84
0.80
0.32
0.00
0.38
0.00
0.25
0.55
0.00
0.31
0.76
0.11
0.18
0.10
0.53
0.76
0.02
0.96
0.83
0.11
1.00
0.02
0.27
0.11
0.45
0.35
0.00
1.00
0.83
1.00
0.45
0.82
0.00
0.15
0.00
0.29
0.81
0.02
0.18
0.12
1.00
0.86
0.00
0.00
0.03
0.59
0.80
0.00
0.00
0.07
0.79
0.11
1.00
0.40
0.06
1.00
1.00
0.04
0.62
0.00
0.02
0.54
0.18
0.43
0.39
0.00
0.44
0.02
0.01
0.00
0.64
0.00
0.67
0.29
0.00
0.23
0.78
0.00
0.01
0.10
0.00
0.18
0.59
0.00
0.00
0.28
0.04
1.00
